2,35,663
2,36,679
2,38,668
2,39,690
2,40,674
4,36,995
4,38,957
4,39,957
4,40,978
4,42,967
1,40,402
1,42,418
1,43,369
1,44,407
1,45,407
3,42,853
3,43,870
3,44,853
3,45,897
3,46,880
2,42,690
2,43,706
2,44,663
2,45,728
2,46,663
4,43,967
4,44,967
4,45,995
4,46,978
4,48,1005
1,46,337
1,48,407
1,49,353
1,50,402
1,51,380
3,48,837
3,49,902
3,50,864
3,51,870
3,52,831
4,49,957
4,50,984
4,51,967
4,52,957
4,53,973
2,48,663
2,49,706
2,50,717
2,51,668
2,52,679
1,52,396
1,53,386
1,54,402
1,55,391
1,56,364
3,53,853
3,54,826
3,55,837
3,56,821
3,57,799
4,54,1011
4,55,967
4,56,929
4,57,913
4,58,913
2,53,706
2,54,652
2,55,685
2,57,668
2,58,690
1,57,375
1,58,342
1,59,326
1,60,326
1,61,348
3,58,799
3,59,826
3,60,826
3,61,777
3,63,755
2,59,668
2,60,674
2,61,657
2,63,619
2,64,619
4,59,918
4,60,886
4,61,913
4,63,908
4,64,875
1,63,353
1,64,315
1,65,299
1,67,315
1,69,342
3,64,804
3,65,793
3,67,761
3,69,755
3,70,734
2,65,603
2,67,625
2,69,598
2,70,614
2,73,647
4,65,902
4,67,859
4,69,826
4,70,848
4,73,815
1,70,299
1,73,282
1,74,348
1,75,369
1,77,375
3,73,706
3,74,679
3,75,734
3,77,668
3,79,641
2,74,592
2,75,570
2,77,570
2,79,630
2,80,570
4,74,821
4,75,821
4,77,826
4,79,766
4,80,788
1,78,386
1,79,337
1,80,369
1,82,380
1,84,396
3,80,668
3,82,674
3,84,668
3,86,657
3,87,614
4,82,750
4,84,772
4,86,701
4,87,744
4,88,696
2,82,565
2,84,603
2,86,554
2,87,592
2,90,538
1,86,440
1,87,456
1,88,418
1,90,505
1,93,473
3,88,647
3,90,581
3,93,570
3,94,587
3,95,598
4,90,712
4,93,679
4,94,690
4,95,690
4,96,674
2,93,592
2,94,543
2,95,554
2,96,581
2,98,538
3,96,609
3,98,636
3,99,570
3,100,630
3,101,570
4,98,652
4,99,663
4,100,647
4,101,630
4,103,614
1,99,462
1,100,478
1,101,500
1,103,511
1,104,483
2,99,598
2,100,549
2,101,522
2,103,565
2,104,543
3,103,598
3,104,581
3,105,565
3,107,527
3,108,554
4,104,652
4,105,598
4,107,581
4,108,538
4,109,527
1,105,505
1,107,581
1,108,581
1,109,592
1,111,630
2,105,554
2,107,565
2,108,565
2,109,625
2,111,625
3,109,560
3,111,494
3,112,516
3,113,483
3,114,489
4,111,494
4,112,511
4,113,467
4,114,467
4,115,451
2,112,587
2,113,636
2,114,614
2,115,625
2,116,663
1,112,647
1,113,619
1,114,679
1,115,685
1,116,723
3,115,543
3,116,489
3,117,505
3,118,522
3,120,516
4,116,456
4,117,467
4,118,418
4,120,424
4,121,413
1,117,674
1,118,690
1,120,739
1,121,739
1,122,739
2,118,657
2,120,668
2,121,696
2,122,690
2,123,641
3,121,522
3,122,483
3,123,522
3,124,505
3,125,522
4,122,396
4,123,440
4,124,462
4,125,462
4,126,462
1,123,696
1,124,761
1,125,734
1,126,728
1,128,712
2,124,652
2,125,679
2,126,630
2,128,696
2,129,668
3,126,505
3,128,494
3,129,522
3,130,505
3,131,543
4,128,413
4,129,424
4,130,396
4,131,440
4,132,418
1,129,739
1,130,728
1,131,734
1,132,750
1,133,777
2,130,674
2,131,668
2,132,685
2,133,723
2,134,701
4,133,402
4,134,364
4,136,380
4,137,353
4,138,348
2,136,706
2,137,750
2,138,712
2,139,734
2,140,788
1,134,793
1,136,783
1,137,766
1,139,826
1,140,864
4,139,369
4,140,375
4,141,353
4,142,364
4,143,326
3,139,527
3,140,570
3,141,581
3,142,570
3,143,560
2,141,772
2,142,793
2,143,804
2,145,821
2,146,810
1,141,853
1,142,853
1,143,870
1,145,902
1,146,935
3,145,619
3,146,598
3,147,581
3,148,630
3,149,636
4,145,320
4,146,386
4,147,331
4,148,369
4,149,386
2,147,810
2,148,831
2,149,853
2,150,902
2,151,940
1,147,913
1,148,957
1,149,962
1,150,1016
1,151,1049
3,150,685
3,151,663
3,152,1462
3,155,1636
3,156,2903
4,150,364
4,151,489
4,152,1174
4,155,696
4,156,1239
