32.30491390481336 9.576049313008156
24.867040533602324 17.594837073180198
43.824315866207655 25.161946671547135
15.302239733770644 41.954599759577086
2.478544498320623 46.09462134626677
15.166203634766868 5.957227209137467
6.299334049872185 2.9098109560704186
39.07275428168588 25.694083428040365
0.7895653622968679 46.41222446738269
33.58451578053676 0.15522251385735597
38.78777290844753 20.97128264691788
19.729151396148414 1.3971750128943694
36.99332028297885 38.48027716792307
3.539337265094039 47.94938442347522
13.492137405654992 18.82520907526662
34.87923085546905 11.70495873410613
10.984259366604022 25.649007556204584
28.462742744610942 16.012106341233196
19.838222334296134 40.69878838919271
8.674050935259835 16.715833057460287
13.583717357515656 36.10826719109443
1.568342387336663 18.49516857118233
47.00269850061422 21.594382242520442
23.26083473987962 15.99941284620716
43.59051719697828 12.73666633658429
3.804746922645891 13.007568814109078
14.832426704634727 37.25980861808383
39.613933535338575 13.118365346196192
8.477194852845733 18.554356492885237
35.50348328283503 42.32394127574857
26.78830942333355 49.54742546059031
29.50166467392124 7.228495755392594
38.614679634449764 45.474746012920534
39.72918857934214 12.643885819250084
31.046485819397823 41.10732939158592
32.84680910449813 8.827388629184863
7.408211494219419 26.55049887435111
37.83988575441508 11.722505683325203
38.38969302094407 45.85996565307985
17.23860952811467 39.22192869549059
12.227346294205322 14.409095337959327
10.26514890586529 32.692476315631026
8.021599667487594 44.19347019956618
28.85407170169174 35.78499503761019
33.5128197356773 1.0732803481386333
18.009983605144637 31.897958371451047
24.936923864185978 4.331060574097512
36.5463678536462 47.571665257352144
1.9431235376727363 16.861720502095203
22.89222610856325 11.560660663419931
4.980150107818321 13.813778979283853
33.35818084958161 18.365215753269688
16.043568660483317 8.565166013715858
27.02127225325367 30.598364994767447
26.225662914458464 7.543903806342334
22.217779503689844 16.723257334235626
15.120683572022154 9.593440361353395
14.525953721273337 9.416237660808513
47.81208973309109 11.334346816645452
25.0756469102075 35.094294910898675
24.904721980529942 27.28856857411589
41.0393773063282 6.991226512638516
39.863700304922396 32.40933920037708
17.239476404954672 42.5750411720221
5.783138089845963 35.099354552453015
28.94852288729657 11.069863524883361
10.631636798711558 40.80172854962162
1.1653380323194407 38.37878155641566
46.007790017128336 19.812724710619555
38.91643697719082 44.799780329631275
29.487815548881436 48.0921940683146
46.46284242117375 15.585126015397288
4.758729056720501 46.53713455323496
0.6848164341489549 5.615255540808622
6.90429745100542 2.435686037631984
35.37209563185822 7.2414266225729
22.447365604899638 16.633384158254465
48.66479796893881 14.69710095859773
5.050947352332097 31.32042181869153
15.470281936005364 49.386208819328786
28.141820627901105 6.288111983951489
20.32376926972183 17.82719914516552
15.144188805170694 26.004729137452987
23.865659523170997 8.064900195702391
36.49728887821246 35.925316324987946
37.87601700603004 40.95801398993307
0.179674893327747 24.07705813034887
9.636806468572518 29.908188576277606
39.07421491842149 33.151194324268985
6.285017474419269 16.31737073690665
14.181675911482595 9.084483815442018
43.77491126912946 38.34331379986706
7.427104059792561 14.427620671039604
23.085184030165273 7.368831935177678
21.60201392091794 8.674988802674012
18.38693224358896 10.008600003182538
37.84677113750072 23.169578616190357
8.030884890575473 23.447975098338002
3.001329687802745 35.19886467180713
49.41742867209925 28.441559991875128
