56.454840568017794 50.70050868686114
52.71856089583341 27.62159951789409
10.470764430392146 33.74892141979442
22.8624387545154 47.2132806397738
26.589143349275087 7.138440516825224
25.32170464951748 6.16746034711235
53.68527414797109 10.003093145260442
44.34207156112197 43.90981760244608
8.431141346925134 41.24917518056586
5.425525408656878 5.078002027370978
26.19212497174406 40.5330517297102
32.42816957593983 46.495411630342176
37.384276109984256 1.6512839203257146
3.4886716751554037 7.75692574822838
49.718796358479686 35.32732332350317
28.82140944618326 51.19016306385926
36.19394759981472 48.906374289679704
48.77943231181203 0.9206443694614208
35.00322418225966 2.872369446819607
2.8385165824315184 26.609098643549455
0.7121886960418733 58.378334637930415
9.274625617655065 5.1439999879236
26.11499901753827 26.133778682175294
41.30322386499765 53.16225309122863
41.115219220577956 25.020074204046814
28.319966628056378 14.735803531742306
48.78412298331774 38.707148456160134
10.628385969645294 11.901774713878144
59.43326332615304 0.32213375378948195
12.6612824603082 0.9285952877415782
31.09672207060848 38.87300647481705
13.19863936166242 4.30042230851126
59.251986603111 26.657521353580588
41.455952007349794 27.366979893940734
19.91706281909876 14.290170774426706
35.16297051465794 59.44583696294728
58.44494882081128 9.25717637795658
40.8739473999186 1.87892263307478
31.395275182586257 5.061905551706689
17.74656943907996 40.13496452432711
30.796429104429322 21.050423049684305
23.89784683429078 43.514385145902935
28.92013357833958 27.909257877110942
39.191345828971144 14.352985061188503
17.374013652043562 50.60478129362649
49.9311993151296 58.83566102519589
56.87628946628056 19.185948995526886
9.434488935273428 53.621157724477435
23.51031575681204 18.39952257849265
33.824614933919854 16.443804161317676
33.56531505274761 29.469183413349054
34.63442925169977 54.69792079302509
52.25319007593196 1.6673452330839167
28.928949162566568 23.72551074732757
41.649948335486854 17.46077853349103
43.6535934032862 16.11764949741405
40.143839968449434 23.038531430182086
3.784969534785525 44.80483485050779
49.48089595538787 45.9329534503986
43.607321499512985 16.051428842121652
16.182174926229724 33.221975970910776
7.058867383410998 13.684118574809922
51.66559077713294 17.453180113660668
46.588318225540256 52.97422747957532
39.8388048502145 12.957453086032451
10.332994512586492 31.5584974986279
12.238260217241866 22.622465423614887
44.676019003387786 45.622838349669614
28.973025961102355 14.473492164511237
53.361197754764916 52.28837537640072
28.790691959880313 48.561426787374444
5.340242943638957 3.7289672209966773
23.516205213146655 37.68526125934839
11.398137997006732 35.014222082930246
10.923061572575248 30.3785507093103
54.34850453176698 36.01184959948931
5.779911294684403 11.366796647477193
59.21193846330763 57.89809102409136
41.37421536772814 43.355002755868206
8.28636783960415 56.9147471893945
33.2481744971743 44.53198042296812
41.38958415319648 21.976211333924372
23.19075826991997 28.58036908102314
13.800208500529534 28.569740582098177
14.713256169900637 48.258637033873995
53.54439710676739 29.107046164403826
51.294346740421105 19.773696511146
45.671764109652024 29.475141194524475
35.61430423066837 3.1901136380746187
54.03500000865514 12.99918088153529
21.806537860004717 54.024208246341495
50.833847675295786 56.36994852036185
53.438248180520944 2.948729046530507
0.8051245405911045 37.3034177219249
7.490594174441889 44.18607961139053
20.436599865681835 20.789688679849384
19.042346302628122 58.69546462296709
42.95364883185431 49.753466204458796
2.66959942709065 25.66163258492766
7.073646183450714 56.78802948597217
