13.20114565147076 38.04610856686607
10.772624862805301 38.65508469637692
29.317479938230477 11.400191062116946
22.635287041366155 34.893600069928965
31.47408500427194 0.5477744820159502
27.74965771597218 20.63985323702791
31.67828709492538 29.519533846627528
25.085655623973537 13.00788489572871
2.2827878017074976 12.699088302843116
6.00907339300111 32.792191887617285
14.602855808779891 27.1283235014548
5.467070943906478 11.298290301527967
19.871348358589263 15.148908183519293
39.118067602091145 19.011548815042637
9.168539599705419 14.88609459690457
20.1719103258299 22.145539043681545
12.284018388281739 24.71373408473967
36.15149786523851 29.86898431978488
15.038253162464045 2.722228772877857
8.482355457171646 38.018194979617455
30.411721557873385 3.343959391799536
36.76196157398345 4.359673587505535
10.899810993375635 20.673546905207026
4.755953503784607 5.975416578433959
37.83202962298084 21.65311343824968
16.613639827288033 11.101221671086257
27.96434852794247 32.175514943560614
19.490560934337275 25.756139784113973
18.473840849915213 25.29134676285111
32.71116359175774 29.759025282737028
8.555071936044252 33.08831472709684
23.799940973265954 17.235930249907252
29.138017079158658 2.4443979635394086
8.154746952502116 3.479932814111706
21.817597175482625 39.739024676546315
1.8312487962538926 13.032765973067818
33.90523056869302 0.7393050029785764
25.85284488891707 23.1154595157992
18.58311521180819 39.26116971553107
5.655664361211317 2.042995414891884
7.462264156130325 11.838096551159204
10.723571104964321 34.015801803548214
37.41563893881439 25.51287667712677
37.163422187906036 19.68872051233802
4.378019156442283 32.000734862294266
9.916144375089623 26.17589897992042
23.87458569495491 13.854899614870115
31.494479799801958 30.657854732569497
21.36048198481913 16.898532360422386
10.583603405703723 38.51480273000731
35.02394286344199 18.069755148520265
26.536087552300224 39.91810945100268
9.525897662967413 18.959313132948637
4.738035725579506 38.06959105699987
11.21925644419074 22.703221832963298
13.018494706406155 37.78615135362062
3.711397920121411 5.525569222692428
20.719579976598727 24.885085526130165
27.203713629201573 34.10945291928867
9.740058346318703 34.83319159471637
25.862337709519167 26.106840300351678
10.810446820178647 3.3806201056797303
24.54454824268654 23.480951430031748
38.45299268217451 12.408246132569785
29.525591129873284 7.0075943241125715
14.52521455255646 30.97510885066816
37.44103501113685 25.144660791913264
2.941012521444706 24.56032529201321
2.4800489496816702 21.611844026801826
27.108632425309626 4.751665188265051
13.935310763357393 23.405416073768023
6.820123053354501 17.14079644673823
34.53558094286058 14.605744352779308
12.772204155567422 16.943024520887203
24.557278690899054 31.218010563109694
14.593800491103748 19.86717101576471
7.531696590871642 8.419438169499385
32.20078730450069 0.01901247521122862
20.43484598786684 13.969123027047225
10.493824954978548 17.129573674015916
14.567169445987913 30.16938315698671
23.860462233082117 32.15731677155131
32.900744742046975 1.6503624771623837
19.637998518226176 13.321130368282773
25.49186258517232 7.382420941666981
28.638919724749034 3.8788107042734277
36.62718252202901 22.703673101854854
6.036015461224862 18.473537508869615
5.692020151190471 10.7828324046578
17.34962008989138 36.628678757115225
28.319572830289317 22.82035111936967
31.97471974198312 9.979051014366984
25.200256151943513 32.42363099224019
10.630970159587903 14.084585489548726
3.0006034898178147 21.9749284339655
33.31401583443052 16.180158473913423
25.161505812666128 17.44334779338225
30.771769493396988 36.9731558014252
39.915882703441355 12.975170378090276
15.22466585637211 37.60816982613647
