2.633807325681633 4.530268487648178
26.799340367579433 2.0238362948449717
13.802612940718289 19.950798946637523
27.968963714774524 11.827008165443328
7.428520691445325 23.379067392083034
14.572849628100148 22.106754834781732
12.673488951200657 14.847658249579665
7.451347387227862 0.9350766641035957
28.757032378516755 7.566077644629445
21.38782629552511 5.883166421196012
1.745493545060458 29.448038794571826
8.44258868597145 7.020813250199399
1.0992206404765315 9.468293208539125
12.036971685876418 29.16903928455629
16.065241271722826 12.264238514132932
13.354710166818107 9.667859036250015
29.883879574119128 26.887747338788735
8.102260126494215 2.7550517440793976
22.34611033609978 0.2904227944886173
7.83186991490626 13.673322957442476
18.49432744228932 22.99069461079243
5.8808023896390775 4.832196617402573
23.20254240560095 13.423921051506225
13.517235488488046 12.747494746293226
8.002891378989345 8.716889720572427
27.10794953925047 8.065212341726387
27.84370150615694 13.055842035038825
12.035054174495043 21.748104466285987
11.470213578095295 20.43239314014942
23.688576508686484 28.46227918827442
9.812415706801044 16.354432636901542
10.14888217539769 23.347563018897745
22.145318814361787 13.099347681753471
25.14748081571529 20.68941593443073
9.855345520681286 15.2646283352736
23.5568898610799 12.531624855705964
12.402369846107707 26.736157619239165
25.009837744240293 21.978018728162404
9.510315015506386 16.747222956475774
4.28519564696117 29.82791110978509
17.7500561361976 1.4415124086488662
9.822641364059239 4.27397460336169
18.496747549641 18.28110432229473
14.140156584441128 21.662725213871294
17.749556522308755 3.7556891149994365
2.0280809882836124 11.776790710162745
16.495131174500315 10.151985922495529
24.180556378475686 3.744604360404079
23.177001380048353 14.63257491668405
25.399778192887645 28.51717596569852
27.40146791291727 13.551075145723534
17.670631211817746 20.87304088258055
6.26638765040366 26.795843124012226
29.252830645252075 18.12151328362632
11.642633965789331 21.007115584511737
1.4748658205871268 4.070813111734795
8.368865793084371 6.752720283483483
25.138595689281573 15.411656182161115
19.63858561066268 13.175246406286373
18.355497742011103 23.438357778521453
16.864354495931767 4.238788309636537
7.235153451955798 6.988491281706473
6.997359525750286 23.506099989315327
20.13367402542335 2.628634465569406
20.66141047209826 9.367250945924914
15.14438621868916 5.447705632722739
9.528796268071476 19.818595344124354
9.175187822044009 8.340900991556943
1.1212865999127186 5.256105143699591
15.30661183070255 9.376189432568891
3.662926027960449 9.299851872086894
23.161739815181015 15.731855375275037
12.742130994603453 11.406657613103082
4.743705840125179 28.777516871753793
15.358955446915193 0.9556651119758197
25.60866062355459 8.142567506460978
5.4392479733361725 10.606819311845921
28.341655763965402 3.0749466206867284
28.090792609377484 7.034980425571254
12.090029081101338 17.039650584033524
7.757369702942771 19.632620584361575
18.38347971397704 16.340365698382474
27.995049218932813 2.451805155525635
19.632124537616527 15.56909522499446
7.8508731263607405 1.5213754704797666
2.5434484967290114 21.897630974703546
21.767454163794543 8.727994088993137
4.2361545655961255 6.621219657388972
16.567872852248147 14.689948848467742
4.053549942910094 5.94873316518199
20.393614576334656 26.480345854498164
8.991190182666998 23.80516270038579
24.474141367600357 11.671544426260823
15.25313210148489 27.371226170615095
19.30007312015757 27.975447991276468
2.7382479633098766 11.231359310307079
22.152780328793558 27.744462998900843
13.2326598109019 28.335362043179146
13.011583080847268 18.775710330220353
6.746462995686836 5.500437689126966
