0.98672 0.94487 0.50488 0.17802 0 0 0 0 0 0 0.92294 0.32908 0 0 0 0 0 0 0 0 0.16184 0 0 0 0 0 0 0 0 0 0.062034 0 0 0 0 0 0 0 0 0 0 0 0 0 0 0 0 0 0 0 0 0 0 0 0 0 0 0 0 0 0 0 0 0 0 0 0 0 0 0 0 0 0 0 0 0 0 0 0 0 0 0 0 0 0 0 0 0 0 0 0 0 0 0 0 0 0 0 0 0
0.81247 0.9885 0.91503 0 0 0 0 0 0 0 0.83021 0.62483 0.90121 0 0 0 0 0 0 0 0.031715 0.28629 0.056777 0 0 0 0 0 0 0 0 0.038343 0 0 0.004217 0 0 0 0 0 0 0 0 0 0 0 0 0 0 0 0 0 0 0 0 0 0 0 0 0 0 0 0 0 0 0 0 0 0 0 0 0 0 0 0 0 0 0 0 0 0 0 0 0 0 0 0 0 0 0 0 0 0 0 0 0 0 0 0 0
0 0.94232 0.99038 0.87991 0.061795 0 0 0 0 0 0 1 1 1 0 0 0 0 0 0 0 0.012177 0.20939 0 0 0 0 0 0 0 0 0 0.046962 0 0 0.0065217 0 0 0 0 0 0 0 0 0 0 0 0 0 0 0 0 0 0 0 0 0 0 0 0 0 0 0 0 0 0 0 0 0 0 0 0 0 0 0 0 0 0 0 0 0 0 0 0 0 0 0 0 0 0 0 0 0 0 0 0 0 0 0 0
0 0 1 0.98927 0.75 0.33254 0 0 0 0 0 0.0067681 0.47391 0.84193 0.80011 0.01949 0 0 0 0 0 0 0 0.37389 0.033987 0 0 0 0 0 0 0 0 0 0 0 0 0 0 0 0 0 0 0 0 0 0 0 0 0 0 0 0 0 0 0 0 0 0 0 0 0 0 0 0 0 0 0 0 0 0 0 0 0 0 0 0 0 0 0 0 0 0 0 0 0 0 0 0 0 0 0 0 0 0 0 0 0 0 0
0 0.082772 0 0.93162 0.98023 0.78614 0 0.10993 0 0 0 0 0.041397 0.60229 1 0.48455 0.054449 0 0 0 0 0 0 0.029697 0.64775 0.025185 0 0 0 0 0 0.0074292 0 0 0.026529 0 0 0 0 0 0 0 0 0 0 0 0 0 0 0 0 0 0 0 0 0 0 0 0 0 0 0 0 0 0 0 0 0 0 0 0 0 0 0 0 0 0 0 0 0 0 0 0 0 0 0 0 0 0 0 0 0 0 0 0 0 0 0 0 0
0 0 0 0.049838 0.84991 0.99248 0.9357 0 0.031492 0 0 0 0 0 0.60106 0.88531 0.25039 0 0 0 0 0 0 0 0.00063641 0.57969 0.012497 0 0 0 0 0 0.0057169 0 0 0.022918 0 0 0.0056202 0 0 0 0 0 0 0 0 0 0 0 0 0 0 0 0 0 0 0 0 0 0 0 0 0 0 0 0 0 0 0 0 0 0 0 0 0 0 0 0 0 0 0 0 0 0 0 0 0 0 0 0 0 0 0 0 0 0 0 0 0
0 0 0 0.0025703 0.10335 1 0.98643 1 0.36032 0.18969 0 0 0 0 0.040366 1 0.85635 1 0.013516 0 0 0 0 0 0 0.034457 0 0.034166 0 0 0 0 0 0.0011755 0 0 0 0 0 0.0033795 0 0 0 0 0 0 0 0 0 0 0 0 0 0 0 0 0 0 0 0 0 0 0 0 0 0 0 0 0 0 0 0 0 0 0 0 0 0 0 0 0 0 0 0 0 0 0 0 0 0 0 0 0 0 0 0 0 0 0 0
0 0 0 0 0 0.12874 1 0.99001 1 0.15028 0 0 0 0 0 0.015495 0.58698 0.68585 1 0 0 0 0 0 0 0 0.012606 0 0 0 0 0 0 0 0 0 0 0.08576 0 0 0 0 0 0 0 0 0 0 0 0 0 0 0 0 0 0 0 0 0 0 0 0 0 0 0 0 0 0 0 0 0 0 0 0 0 0 0 0 0 0 0 0 0 0 0 0 0 0 0 0 0 0 0 0 0 0 0 0 0 0
0 0 0 0 0 0.23921 0 0.84924 0.99016 0.96996 0 0 0 0 0 0 0.010178 0.67234 1 0.59931 0 0 0 0 0 0 0 0.034781 0 0 0 0 0 0 0 0.0060213 0 0 0.074442 0 0 0 0 0 0 0 0 0 0 0 0 0 0 0 0 0 0 0 0 0 0 0 0 0 0 0 0 0 0 0 0 0 0 0 0 0 0 0 0 0 0 0 0 0 0 0 0 0 0 0 0 0 0 0 0 0 0 0 0 0
0 0 0 0 0 0 0.15008 0.10148 1 0.98354 0 0 0 0 0 0 0 0.0061201 0.28122 1 0 0 0 0 0 0 0 0 0 0.46164 0 0 0 0 0 0 0 0 0 0.10494 0 0 0 0 0 0 0 0 0 0 0 0 0 0 0 0 0 0 0 0 0 0 0 0 0 0 0 0 0 0 0 0 0 0 0 0 0 0 0 0 0 0 0 0 0 0 0 0 0 0 0 0 0 0 0 0 0 0 0 0
0.89079 1 0 0 0 0 0 0 0 0 0.98597 0.8716 0.39863 0.19273 0 0 0 0 0 0 0.89079 0.39216 0 0 0 0 0 0 0 0 0.65162 0.019285 0 0 0 0 0 0 0 0 0 0 0 0.011629 0 0 0 0 0 0 0 0 0 0 0 0 0 0 0 0 0 0 0 0 0 0 0 0 0 0 0 0 0 0 0 0 0 0 0 0 0 0 0 0 0 0 0 0 0 0 0 0 0 0 0 0 0 0 0 0
1 0.85005 1 0.029001 0 0 0 0 0 0 0.81405 0.98669 1 0.57788 0 0 0 0 0 0 0.88768 1 1 0.0069087 0 0 0 0 0 0 0 0.5445 0.033818 0 0 0 0 0 0 0 0 0.0375 0 0 0.0019808 0 0 0 0 0 0 0 0 0 0 0 0 0 0 0 0 0 0 0 0 0 0 0 0 0 0 0 0 0 0 0 0 0 0 0 0 0 0 0 0 0 0 0 0 0 0 0 0 0 0 0 0 0 0 0
0.0024992 0.54038 0.9376 0.51967 0 0 0 0 0 0 0.05387 0.85216 0.99412 0.919 0.28099 0.044032 0 0 0 0 0 0.35406 0.94029 0.40418 0.0016606 0 0 0 0 0 0 0.011623 0 0.031329 0 0 0 0 0 0 0 0 0.16118 0 0 0.0047345 0 0 0 0 0 0 0 0 0 0 0 0 0 0 0 0 0 0 0 0 0 0 0 0 0 0 0 0 0 0 0 0 0 0 0 0 0 0 0 0 0 0 0 0 0 0 0 0 0 0 0 0 0 0
0 0 1 0.90008 0.52538 0 0 0 0 0 0.099132 0.19663 0.96806 0.98267 0.92566 0 0.059681 0 0 0 0 0.052535 0.94264 0.87574 1 0.024329 0 0 0 0 0 0 0 0.18827 0.0305 0 0 0 0 0 0.0088487 0 0 0 0 0 0 0 0 0 0 0 0 0 0 0 0 0 0 0 0 0 0 0 0 0 0 0 0 0 0 0 0 0 0 0 0 0 0 0 0 0 0 0 0 0 0 0 0 0 0 0 0 0 0 0 0 0 0 0
0 0 0.022114 1 1 0.74907 0.033357 0 0 0 0 0 0.11164 1 0.98394 1 0.33667 0.055975 0 0 0 0 0 0.43292 0.65456 0.43518 0.01758 0 0 0 0 0 0 0.038386 0 0 0 0 0 0 0 0.0028708 0 0 0.19614 0 0 0.010656 0 0 0 0 0 0 0 0 0 0 0 0 0 0 0 0 0 0 0 0 0 0 0 0 0 0 0 0 0 0 0 0 0 0 0 0 0 0 0 0 0 0 0 0 0 0 0 0 0 0 0 0
0 0 0 0.016335 0.75539 1 0.72143 0 0 0 0 0 0 0 0.85758 0.98662 0.9754 0 0 0 0 0 0 0 0.82092 0.80117 0.53513 0.034312 0 0 0 0 0 0 0 0 0.013489 0 0 0 0 0 0.004518 0 0 0.083843 0 0 0 0 0 0 0 0 0 0 0 0 0 0 0 0 0 0 0 0 0 0 0 0 0 0 0 0 0 0 0 0 0 0 0 0 0 0 0 0 0 0 0 0 0 0 0 0 0 0 0 0 0 0
0 0 0 0 0.011221 1 0.8545 0.68407 0 0 0 0 0 0 0.87723 0.93581 0.98897 1 0 0.16842 0 0 0 0 0.061289 0.67549 0.80602 0 0 0 0 0 0 0 0 0.044713 0.35197 0.027826 0 0 0 0 0 0.0027239 0 0 0.14822 0 0 0.0017014 0 0 0 0 0 0 0 0 0 0 0 0 0 0 0 0 0 0 0 0 0 0 0 0 0 0 0 0 0 0 0 0 0 0 0 0 0 0 0 0 0 0 0 0 0 0 0 0 0 0
0 0 0 0 0 0.0051473 0.1131 0.9948 0.75918 0.033286 0 0 0 0 0.14401 0.050756 0.98569 0.98882 0.88123 0.037259 0 0 0 0 0 0.002806 0.82254 0.86876 0.97717 0 0 0 0 0 0 0 0.025816 0 0.025302 0 0 0 0 0 0.00020634 0 0 0 0 0 0 0 0 0 0 0 0 0 0 0 0 0 0 0 0 0 0 0 0 0 0 0 0 0 0 0 0 0 0 0 0 0 0 0 0 0 0 0 0 0 0 0 0 0 0 0 0 0 0 0
0 0 0 0 0 0 0.031982 0.24784 0.89002 0.29181 0 0 0 0 0 0 0.064373 0.83297 0.98576 0.86067 0 0 0 0 0 0 0.013191 1 0.91808 0.94355 0 0 0 0 0 0 0 0.002105 0 0 0 0 0 0 0 0 0 0 0.0065506 0 0 0 0 0 0 0 0 0 0 0 0 0 0 0 0 0 0 0 0 0 0 0 0 0 0 0 0 0 0 0 0 0 0 0 0 0 0 0 0 0 0 0 0 0 0 0 0 0 0 0
0 0 0 0 0 0 0 0.023238 0.71115 1 0 0 0 0 0 0 0.0056757 0.4173 1 0.98415 0 0 0 0 0 0 0 0.034005 0.044262 0.94718 0 0 0 0 0 0 0 0 0.011606 0 0 0 0 0 0 0 0.0011695 0 0 0 0 0 0 0 0 0 0 0 0 0 0 0 0 0 0 0 0 0 0 0 0 0 0 0 0 0 0 0 0 0 0 0 0 0 0 0 0 0 0 0 0 0 0 0 0 0 0 0 0 0
0.52424 0.051344 0 0 0 0 0 0 0 0 0.83393 0.58359 0 0 0 0 0 0 0 0 0.98706 0.69662 0.073883 0.069028 0 0 0 0 0 0 1 0.51453 0.022702 0 0 0 0 0 0 0 0.38569 0.028705 0 0 0 0 0 0 0 0 0 0 0 0 0 0 0 0 0 0 0 0 0 0 0 0 0 0 0 0 0 0 0 0 0 0 0 0 0 0 0 0 0 0 0 0 0 0 0 0 0 0 0 0 0 0 0 0 0 0
0.013722 0.95698 0.027729 0 0 0 0 0 0 0 1 0.95419 1 0.0093502 0 0 0 0 0 0 0.94603 0.98276 0.88587 0 0 0 0 0 0 0 0.83514 0.90356 0.41825 0 0 0 0 0 0 0 0 0 0.0063867 0 0 0 0 0 0 0 0 0.23608 0 0 0.001165 0 0 0 0 0 0 0 0 0 0 0 0 0 0 0 0 0 0 0 0 0 0 0 0 0 0 0 0 0 0 0 0 0 0 0 0 0 0 0 0 0 0 0 0 0
0 0.058401 0 0 0 0 0 0 0 0 0.024407 0.41402 0.90844 0.42549 0 0 0 0 0 0 0.20161 0.68801 0.98593 0.72431 0.82874 0 0 0 0 0 0.018771 0.75524 0.87559 1 0.036471 0 0 0 0 0 0 0 0.037587 0.0085136 0 0 0 0 0 0 0 0 0.085016 0 0 0.0060252 0 0 0 0 0 0 0 0 0 0 0 0 0 0 0 0 0 0 0 0 0 0 0 0 0 0 0 0 0 0 0 0 0 0 0 0 0 0 0 0 0 0 0 0
0 0 0 0 0.0013453 0 0 0 0 0 0 0.0032031 0.91091 0.96694 0.40567 0 0 0 0 0 0 1 0.90967 0.99055 0.8731 0.62991 0.10227 0 0 0 0 0.017372 0.36708 0.88194 0.78189 0.030001 0 0 0 0 0 0 0.0049629 0.051096 0 0 0 0 0 0 0.0075997 0 0 0 0 0 0 0 0 0 0 0 0 0 0 0 0 0 0 0 0 0 0 0 0 0 0 0 0 0 0 0 0 0 0 0 0 0 0 0 0 0 0 0 0 0 0 0 0 0
0 0 0 0.034775 0.68852 0.030123 0 0 0 0 0 0 0.01423 0.69424 0.76631 1 0.041054 0 0 0 0 0 0 0.86255 0.989 0.84206 0 0.027088 0 0 0 0 0 0.99553 1 1 0.021338 0 0 0 0 0 0 0.0019419 0.69781 0 0 0 0 0 0 0.0036807 0 0 0.0084308 0 0 0 0 0 0 0 0 0 0 0 0 0 0 0 0 0 0 0 0 0 0 0 0 0 0 0 0 0 0 0 0 0 0 0 0 0 0 0 0 0 0 0 0 0
0 0 0 0 0.014262 0.62051 0.0071959 0 0 0 0 0 0 0.00059596 0.94798 1 0.96889 0.024011 0 0 0 0 0.052271 0.58191 0.96344 0.98914 0.9075 0.072703 0.037586 0 0 0 0 0.02612 1 0.91443 0.51604 0.019191 0 0 0 0 0 0 0.0097567 0 0.0080321 0 0 0 0 0 0 0 0 0.023503 0 0 0 0 0 0 0 0 0 0 0 0 0 0 0 0 0 0 0 0 0 0 0 0 0 0 0 0 0 0 0 0 0 0 0 0 0 0 0 0 0 0 0 0
0 0 0 0 0 0.0032493 0 0.0043135 0 0 0 0 0 0 0.016447 0.16458 0.92522 0.92447 0.014146 0 0 0 0 0.00025446 0.35536 1 0.99285 0.87461 0.092444 0 0 0 0 0 0.016235 0.032486 0.78487 0.84527 0.0001396 0 0 0 0 0 0 0.028379 0.16815 0 0 0 0 0 0 0.0076149 0 0 0 0 0 0.0059408 0 0 0 0 0 0 0 0 0 0 0 0 0 0 0 0 0 0 0 0 0 0 0 0 0 0 0 0 0 0 0 0 0 0 0 0 0 0 0 0
0 0 0 0 0 0 0.01335 0 0.011443 0 0 0 0 0 0 0.048431 0.60742 0.7756 0.92082 0 0 0 0 0 0 0 1 0.98862 0.89643 0.41436 0 0 0 0 0 0.0044063 0.15258 0.92323 0.59907 0.0237 0 0 0 0 0 0 0.017374 0 0.078127 0 0 0 0 0 0 0 0 0 0 0 0 0 0 0 0 0 0 0 0 0 0 0 0 0 0 0 0 0 0 0 0 0 0 0 0 0 0 0 0 0 0 0 0 0 0 0 0 0 0 0
0 0 0 0 0 0 0 0.02584 0.56805 0 0 0 0 0 0 0 0.0032388 0.39885 0.95389 0.66569 0 0 0 0 0 0 0 0.99497 0.98918 1 0 0 0 0 0 0 0.0080351 1 0.96225 0.69028 0 0 0 0 0 0 0 0.032805 0.86529 0.031924 0 0 0 0 0 0 0 0 0.021028 0 0 0 0 0 0 0 0 0 0 0 0 0 0 0 0 0 0 0 0 0 0 0 0 0 0 0 0 0 0 0 0 0 0 0 0 0 0 0 0 0
0 0 0 0 0 0 0 0 0 0.093059 0 0 0 0 0 0 0 0.011167 0.60296 0.98006 0 0 0 0 0 0 0.22563 0.021346 1 0.98787 0 0 0 0 0 0 0 0 0.67687 0.90627 0 0 0 0 0 0 0 0 0 0.65456 0 0 0 0 0 0 0 0 0 0.01053 0 0 0 0 0 0 0 0 0 0 0 0 0 0 0 0 0 0 0 0 0 0 0 0 0 0 0 0 0 0 0 0 0 0 0 0 0 0 0 0
0 0 0 2.4004e-005 0 0 0 0 0 0 0.63991 0.024945 0 0 0 0 0 0 0 0 1 0 0.026642 0 0 0 0 0 0 0 0.98425 0.73644 0 0 0 0 0 0 0 0 0.92012 0.86014 0.031547 0 0 0 0 0 0 0 0.84177 0.016437 0 0 0 0 0 0 0 0 0 0 0 0.00047909 0 0 0 0 0 0 0 0 0 0 0 0 0 0 0 0 0 0 0 0 0 0 0 0 0 0 0 0 0 0 0 0 0 0 0 0
0 0 0 0 0.0066864 0 0 0 0 0 0 0.15644 0.013731 0 0 0 0 0 0 0 0.56275 0.86356 0.75557 0.016036 0 0 0 0 0 0 0.93697 0.98873 1 0.56356 0.077029 0 0 0 0 0 0.64811 0.79466 1 0 0 0 0 0 0 0 0 0.074596 0.019104 0 0 0 0 0 0 0 0 0 0 0 0.0048645 0 0 0 0 0 0 0 0 0 0 0 0 0 0 0 0 0 0 0 0 0 0 0 0 0 0 0 0 0 0 0 0 0 0 0
0 0 0 0 0 0 0 0 0 0 0 0.035458 0.20833 0.0032074 0 0 0 0 0 0 0.026492 0.31494 0.99893 0.83606 0 0 0 0 0 0 0.1899 0.967 0.98174 1 0 0.014027 0 0 0 0 0 0.28114 0.88862 0.71746 0.045603 0 0 0 0 0 0 0.023699 0 0.0024571 0 0 0 0 0 0 0 0 0 0 0 0.0017931 0 0 0 0 0 0 0 0 0 0 0 0 0 0 0 0 0 0 0 0 0 0 0 0 0 0 0 0 0 0 0 0 0 0
0.0065643 0 0 0 0 0 0.0051393 0 0 0 0 0 0 0.89415 0.013736 0 0 0 0 0 0 0 0.8768 1 0.11022 0.0033709 0 0 0 0 0 0 1 0.98799 1 0.67174 0.21584 0 0 0 0 0 0.33785 0.95372 0.58298 0 0 0 0 0 0 0 0.044294 0.19669 0.0010559 0 0 0 0 0 0.0052893 0 0 0 0 0 0.00081934 0 0 0 0 0 0 0 0 0 0 0 0 0 0 0 0 0 0 0 0 0 0 0 0 0 0 0 0 0 0 0 0 0
0 0 0 0 0 0 0 0.00048296 0 0 0 0 0 0 0 0.026105 0 0 0 0 0 0 0.018169 0.6531 0.8714 1 0.0095399 0 0 0 0 0.15201 0 0.96841 0.98838 0.74689 0.15275 0.013975 0 0 0 0 0.033695 1 0.86991 0.9504 0.0077703 0 0 0 0 0 0 0.022904 0 0 0 0 0 0 0 0.0027391 0 0 0 0 0 0.0017389 0 0 0 0 0 0 0 0 0 0 0 0 0 0 0 0 0 0 0 0 0 0 0 0 0 0 0 0 0 0 0 0
0 0 0 0 0 0.17254 0 0 0.0013843 0 0 0 0 0 0.04208 0.25205 0.04619 0 0 0 0 0 0 0.0042495 0.71173 0.82129 1 0.040747 0 0 0 0 0.18244 0.34893 0.84509 0.99032 0.81107 0 0.039763 0 0 0 0 0.0086373 0.78154 0.91856 1 0.0015478 0 0 0 0 0 0 0 0.51894 0 0 0 0 0 0 0.00047473 0 0 0 0 0 0.012401 0 0 0 0 0 0 0 0 0 0 0 0 0 0 0 0 0 0 0 0 0 0 0 0 0 0 0 0 0 0 0
0 0 0 0.0025855 0 0 0.0046338 0 0 0 0 0 0 0 0 0.032148 0.54952 0.012297 0 0 0 0 0 0 0 0.87154 0.94231 0.88301 0.048462 0 0 0 0 0.15571 0 0.84732 0.99161 0.87004 0.44271 0.11975 0 0 0 0 0.0038484 0.067149 0.95962 0.67337 0 0 0 0 0 0 0 0 0.1747 0.054813 0 0 0 0 0 0.0056912 0 0 0.011044 0 0 0 0 0 0 0 0 0 0 0 0 0 0 0 0 0 0 0 0 0 0 0 0 0 0 0 0 0 0 0 0 0
0 0 0 0 0 0 0 0.13233 0 0 0 0 0 0 0 0 0 0 0 0 0 0 0 0 0 0 0.33552 0.8373 0.78086 0.052991 0 0 0 0 0 0.55055 0.85017 0.97983 1 0.092985 0 0 0 0 0 0.014309 1 0.72287 0.6698 0.0018075 0 0 0 0 0 0 0 0.27962 0 0 0 0 0 0 0 0 0 0 0 0 0 0 0 0 0 0 0 0 0 0 0 0 0 0 0 0 0 0 0 0 0 0 0 0 0 0 0 0 0 0
0 0 0 0 0 0.0086654 0 0 0.012793 0 0 0 0 0 0 0 0 0.046795 0.57423 0 0 0 0 0 0 0 0 1 0.86147 1 0 0 0 0 0 0.02763 0.21133 0.88318 0.98533 0.80603 0 0 0 0 0 0 0.035567 0.58267 0.9713 1 0 0 0 0 0 0 0 0.016589 0.36044 0.030802 0 0 0 0 0 0.0016196 0 0 0.19417 0 0 0 0 0 0 0 0 0 0 0 0 0 0 0 0 0 0 0 0 0 0 0 0 0 0 0 0 0 0 0
0 0 0 0 0 0 0 0 0 0.17031 0 0 0 0 0 0 0 0 0 0.0070669 0 0 0 0 0 0 0 0.015574 1 1 0 0 0 0 0 0 0.010247 0 0.89426 0.9963 0 0 0 0 0 0 0 0.024524 0.33129 0.7936 0 0 0 0 0 0 0 0 0.038157 0.78027 0 0 0 0 0 0 0.0044628 0 0 0.21975 0 0 0 0 0 0 0 0 0 0 0 0 0 0 0 0 0 0 0 0 0 0 0 0 0 0 0 0 0 0
0 0 0 0 0 0 0 0 0 0 0.16731 0 0 0 0 0 0 0 0 0 0 0 0 0 0 0 0 0 0 0 0.99755 0.11026 0.0093773 0 0 0 0 0 0 0 0.98711 1 0 0.094042 0 0 0 0 0 0 0.85229 0.50259 0.027414 0 0 0 0 0 0 0 0.39516 0.025152 0 0 0 0 0 0 0 0 0 0 0 0.0028315 0 0 0 0 0 0 0 0 0 0 0 0 0 0 0 0 0 0 0 0 0 0 0 0 0 0
0 0 0 0 0 0 0 0 0 0 0 0.019484 0 0 0 0 0 0 0 0 0 0.30053 0.013972 0 0 0 0 0 0 0 0.7583 0.97373 1 0 0 0 0 0 0 0 0.90291 0.99191 0.90099 0.32896 0.13975 0 0 0 0 0 0.92982 0.80288 1 0.027162 0 0 0 0 0 0 0.0040501 0.85046 0 0 0 0 0 0 0 0 0 0.064241 0 0 0.0085066 0 0 0 0 0 0 0 0 0 0 0 0 0 0 0 0 0 0 0 0 0 0 0 0 0
0 0 0 0 0 0 0 0 0 0 0 0 0 0 0 0.0077282 0 0 0 0 0 0.013957 0.57639 0.010889 0 0 0 0 0 0 0.024892 0.47239 0.97255 0.82597 0.042902 0 0 0 0 0 1 0.90054 0.98221 0.96068 0 0.14214 0 0 0 0 0.01439 1 0.95962 0.42336 0.0093511 0 0 0 0 0 0 0.042445 0.33978 0.01743 0 0 0 0 0 0 0 0 0 0 0 0.0068309 0 0 0 0 0 0 0 0 0 0 0 0 0 0 0 0 0 0 0 0 0 0 0 0
0 0 0 0 0 0 0 0 0 0 0.0011409 0 0 0 0 0 0 0 0 0 0 0 0.0046726 0.34229 0.02277 0 0 0 0 0 0 0.0081989 1 0.86017 0.81418 0.01874 0 0 0 0 0.27135 0.19847 0.78076 0.98676 0.7629 0 0 0 0 0 0 0 1 0.96206 0.88927 0.019729 0 0 0 0 0 0 0.024735 0.080143 0.044915 0 0 0 0 0 0.01213 0 0 0.18347 0 0 0.0034774 0 0 0 0 0 0 0 0 0 0 0 0 0 0 0 0 0 0 0 0 0 0 0
0 0 0 0 0 0 0 0 0 0 0 0 0 0 0.034282 0 0 0.0064278 0 0 0 0 0 0 0.58659 0 0 0 0 0 0 0 0 0 0.85683 0.64146 0.010967 0 0 0 0 0 0.4666 1 0.9855 0.8872 0.35796 0 0 0 0 0 0 0.6191 0.96143 1 0.013666 0 0 0 0 0 0 0.017697 0 0 0 0 0 0 0 0 0 0 0.064441 0 0 0 0 0 0 0 0 0 0 0 0 0 0 0 0 0 0 0 0 0 0 0 0 0
0 0 0 0 0 0 0 0 0 0 0 0 0.0022734 0 0 0 0 0 0.00069416 0 0 0 0 0 0.0097524 0.325 0.0096044 0 0 0 0 0 0 0.038897 0.42207 0.93196 0.66514 0.037243 0 0 0 0 0 0.17133 0.90964 0.97921 1 0.3256 0 0 0 0 0 0.00671 0.56817 1 0.72443 0.045356 0 0 0 0 0 0 0.023627 0.29247 0 0 0 0 0 0 0.0038973 0 0 0 0 0 0 0 0 0 0 0 0 0 0 0 0 0 0 0 0 0 0 0 0 0 0 0
0 0 0 0 0 0 0 0 0 0 0 0 0 0.0052287 0 0 0.045896 0 0 0 0 0 0 0 0 0 0 0.041736 0 0 0 0 0 0 0.0082646 0.85609 0.88259 1 0.052225 0 0 0 0 0.11119 0.32394 0.87108 0.9886 1 0.61094 0 0 0 0 0 0 0.97026 0.90947 0.16108 0 0 0 0 0 0 0 0 0.081811 0.000106 0 0 0 0 0 0.0035704 0 0 0.032424 0 0 0 0 0 0 0 0 0 0 0 0 0 0 0 0 0 0 0 0 0 0 0
0 0 0 0 0 0 0 0 0 0 0 0 0 0 0 0 0 0.043547 0 0 0 0 0 0 0 0 0.015646 0 0.024414 0 0 0 0 0 0 0.020411 1 0.94506 0.56138 0 0 0 0 0 0.12552 0.28034 0.8983 0.98615 0.97163 0.334 0 0 0 0 0 0.019763 0.71961 0.97232 0.69715 0 0 0 0 0 0 0 0.025768 0.27391 0.0083878 0 0 0 0 0 0.0091184 0 0 0 0 0 0 0 0 0 0 0 0 0 0 0 0 0 0 0 0 0 0 0 0 0
0 0 0 0 0 0 0 0 0 0 0 0 0 0 0 0.0024866 0 0 0 0 0 0 0 0 0 0 0 0.004271 0.0075587 0.04946 0 0 0 0 0 0 0.038909 0.77351 0.72799 1 0 0 0 0 0 0.15577 0.34106 0.98848 0.98016 1 0 0 0 0 0 0 0.02695 0.42449 0.97734 1 0 0 0 0 0 0 0 0 0.64319 0.037833 0 0 0 0 0 0.00024024 0 0 0.28598 0 0 0 0 0 0 0 0 0 0 0 0 0 0 0 0 0 0 0 0 0
0 0 0 0 0 0 0 0 0 0 0 0 0 0 0 0 0.0079781 0 0 0.057825 0 0 0 0 0 0 0 0 0 0.60519 0 0 0 0 0 0 0 0.0018841 1 0.98754 0 0 0 0 0 0 0.17694 0.078502 1 0.98164 0 0 0 0 0 0 0 0.0012783 0.72521 1 0 0 0 0 0 0 0 0 0.011424 0 0 0 0 0 0 0 0.00092997 0 0 0.0365 0 0 0 0 0 0 0 0 0 0 0 0 0 0 0 0 0 0 0 0
0 0 0 0 0 0 0 0 0 0 0 0 0 0 0 0 0 0 0 0 0.072676 0 0 0.0050389 0 0 0 0 0 0 0 0 0 0 0 0 0 0 0 0 0.95139 0.75926 0 0 0 0 0 0 0 0 0.98071 0.97986 0 0 0 0 0 0 0 0 0.90314 0.23021 0 0 0 0 0 0 0 0 0.30693 0.016355 0 0 0 0 0 0 0 0 0 0 0 0.0048506 0 0 0 0 0 0 0 0 0 0 0 0 0 0 0 0
0 0 0 0 0 0 0 0 0 0 0 0 0 0 0 0 0 0 0 0 0 0 0 0 0.0052527 0 0 0 0 0 0.0052195 0 0.019005 0 0 0 0 0 0 0 1 0.86484 1 0.017223 0 0 0 0 0 0 0.79323 0.9835 0.99929 0 0.14458 0 0 0 0 0 0.9954 0.6102 0.71775 0.0073684 0 0 0 0 0 0 0.0012856 0 0.046728 0 0 0 0 0 0 0 0 0.30275 0 0 0.0045478 0 0 0 0 0 0 0 0 0 0 0 0 0 0 0
0 0 0 0 0 0 0 0 0 0 0 0 0 0 0 0 0 0 0 0 0 0 0.15156 0 0 0.0076613 0 0 0 0 0 0.03209 0.29211 0.014738 0 0 0 0 0 0 0.030811 0.81403 1 1 0.013446 0 0 0 0 0 0.13402 1 0.98159 1 0.4981 0.055168 0 0 0 0 0.020753 1 1 0.7974 0 0 0 0 0 0 0 0 0.2357 0.022709 0 0 0 0 0 0 0 0 0 0 0 0.00047446 0 0 0 0 0 0 0 0 0 0 0 0 0 0
0 0 0 0 0 0 0 0 0 0 0 0 0 0 0 0 0 0 0 0 0.00024294 0 0 0.16892 0 0 0.0049618 0 0 0 0 0 0.041341 0.67078 0 0 0 0 0 0 0 0.016803 1 1 0.665 0.027662 0 0 0 0 0 0.16086 0.99609 0.98345 0.96181 0 0.011788 0 0 0 0 0.012154 0.84989 0.85448 0.4758 0.044424 0 0 0 0 0 0 0 0 0.00032017 0 0 0 0 0 0.0015226 0 0 0.15463 0 0 0 0 0 0 0 0 0 0 0 0 0 0 0 0
0 0 0 0 0 0 0 0 0 0 0 0 0 0 0 0 0 0 0 0 0 0.0081637 0 0 0.044219 0 0 0.0047381 0 0 0 0 0 0 0 0 0 0 0 0 0 0 0 0.66893 1 0.71737 0.030857 0 0 0 0 0.11577 0 1 0.98963 1 0.41339 0 0 0 0 0 0 0.26732 0.94494 1 0 0 0 0 0 0 0 0.039043 0 0.05812 0 0 0 0 0 0.00667 0 0 0 0 0 0.0036804 0 0 0 0 0 0 0 0 0 0 0 0
0 0 0 0 0 0 0 0 0 0 0 0 0 0 0 0 0 0 0 0 0 0 0.0026467 0 0 0.092187 0 0 0 0 0 0 0 0 0 0.74013 0.02985 0 0 0 0 0 0 0.01635 0.5765 1 0.95532 0 0 0 0 0 0.017806 0.4544 0.93013 0.9924 0.83916 0 0.048618 0 0 0 0 0.023763 0.64003 1 0.5529 0.022318 0 0 0 0 0 0 0.046623 0.8584 0.045965 0 0 0 0 0 0.0039493 0 0 0.14238 0 0 0.0051839 0 0 0 0 0 0 0 0 0 0 0
0 0 0 0 0 0 0 0 0 0 0 0 0 0 0 0 0 0 0 0 0 0 0 0.0047631 0 0 0 0 0 0.00010577 0 0 0 0 0 0.011114 0.4674 0.025343 0 0 0 0 0 0 0.011915 1 0.91866 0.35597 0 0 0 0 0 0 0.45366 0.79698 0.98331 0.88658 0.064339 0 0 0 0 0 0 0.56103 0.78917 0.58616 0.033536 0 0 0 0 0 0 0.024768 0.094019 0 0 0 0 0 0 0.0023901 0 0 0.12813 0 0 0.0096501 0 0 0 0 0 0 0 0 0 0
0 0 0 0 0 0 0 0 0 0 0 0 0 0 0 0 0 0 0 0 0 0 0 0 0 0 0 0.0031158 0 0 0 0 0 0 0 0 0 0 0.0087192 0 0 0 0 0 0 0.0017834 1 0.96714 0.47828 0 0 0 0 0 0 0.18433 0.94813 0.98272 0.76479 0 0 0 0 0 0 0 0.47936 0.94691 0.32037 0 0 0 0 0 0 0 0 0 0.01158 0 0 0 0 0 0.0057559 0 0 0 0 0 0 0 0 0 0 0 0 0 0 0
0 0 0 0 0 0 0 0 0 0 0 0 0 0 0 0 0 0 0 0 0 0 0 0 0 0.0017328 0 0 0.049443 0 0 0 0 0 0 0 0 0 0.27756 0 0 0 0 0 0 0 0.027171 0.76643 1 0.73667 0 0 0 0 0 0 0 0.9821 0.98794 0.92643 0 0 0 0 0 0 0.031415 1 0.9892 1 0 0 0 0 0 0 0 0.0025748 0.16966 0.016349 0 0 0 0 0 0 0 0 0.24531 0 0 0 0 0 0 0 0 0 0 0
0 0 0 0 0 0 0 0 0 0 0 0 0 0 0 0 0 0 0 0 0 0 0 0 0 0 0.0088084 0 0 0.069395 0 0 0 0 0 0 0 0 0.021864 0.23568 0 0 0 0 0 0 0 0 1 1 0 0 0 0 0 0 0.11165 0.058069 0.75221 0.9855 0 0 0 0 0 0 0 0.018199 1 1 0 0 0 0 0 0 0 0 0 0 0 0 0 0 0 0 0.0017595 0 0 0.16247 0 0 0 0 0 0 0 0 0 0
0 0 0 0 0 0 0 0 0 0 0 0 0 0 0 0 0 0 0 0 0 0 0 0 0 0 0 0 0 0 0.037149 0 0 0 0 0 0 0 0 0 0 0 0 0 0 0 0 0 0 0 0.96366 1 0.017532 0 0 0 0 0 0 0 0.98318 0.99042 0.22027 0.11483 0 0 0 0 0 0 1 1 0.035261 0 0 0 0 0 0 0 0.5519 0.0020985 0 0 0 0 0 0 0 0 0.072061 0 0 0.0048891 0 0 0 0 0 0
0 0 0 0 0 0 0 0 0 0 0 0 0 0 0 0 0 0 0 0 0 0 0 0 0 0 0 0 0 0 0 0.083142 0 0 0 0 0 0 0 0 0.0075563 0.60942 0 0 0 0 0 0 0 0 0.5174 0.94706 0.904 0 0 0 0 0 0 0 0.85948 0.98554 0.99775 0.22571 0.060957 0 0 0 0 0 0.61906 0.83969 1 0.038854 0 0 0 0 0 0 0 0.42921 0.045428 0 0 0 0 0 0 0 0 0.02475 0 0 0.0050986 0 0 0 0 0
0 0 0 0 0 0 0 0 0 0 0 0 0 0 0 0 0 0 0 0 0 0 0 0 0 0 0 0 0 0 0 0 0.18275 0 0 0 0 0 0 0 0 0 0.69208 0 0 0 0 0 0 0 0.051818 0.70101 1 0.74984 0.033387 0 0 0 0 0 0.58181 0.98111 0.9849 0.87247 0.059246 0 0 0 0 0 0.025079 0.40729 0.75938 0.3591 0 0 0 0 0 0 0 0 0 0.023703 0 0 0 0 0 0 0 0 0.17615 0 0 0.0021151 0 0 0 0
0 0 0 0 0 0 0 0 0 0 0 0 0 0 0 0 0 0 0 0 0 0 0 0 0 0 0 0 0 0 0 0 0 0 0 0 0.0023261 0 0 0 0 0 0 0.2187 0.013901 0 0 0 0 0 0 0.02329 0.84917 0.88789 1 0.025813 0 0 0 0 0 0.32177 1 0.99199 0.91446 1 0 0 0 0 0 0.031718 1 0.84199 0.80131 0.0032527 0 0 0 0 0 0 0.0563 0.26294 0.0086582 0 0 0 0 0 0 0 0 0.078607 0 0 0.0033744 0 0 0
0 0 0 0 0 0 0 0 0 0 0 0 0 0 0 0 0 0 0 0 0 0 0 0 0 0 0 0 0 0 0 0.0021488 0 0 0.15933 0 0 0 0 0 0 0 0 0.014344 0 0.043653 0 0 0 0 0 0 0 0.6336 1 0.23411 0.046046 0 0 0 0 0 0.26323 0.84848 0.99036 0.99722 0.21773 0.045333 0 0 0 0 0.054891 1 1 0.64947 0.037268 0 0 0 0 0 0 0.03468 0 0.01103 0 0 0 0 0 0.0023883 0 0 0 0 0 0 0 0
0 0 0 0 0 0 0 0 0 0 0 0 0 0 0 0 0 0 0 0 0 0 0 0 0 0 0 0 0 0 0 0 0 0 0 0 0 0 0.0051047 0 0 0 0 0 0.051122 0.07947 0.010357 0 0 0 0 0 0 0.010882 0.82577 0.93621 0.84797 0.010843 0 0 0 0 0 0 1 0.98602 0.99444 0.41912 0 0 0 0 0 0 0.68803 0.92173 0.75616 0 0 0 0 0 0 0 0.028686 0.14488 0 0 0 0 0 0 0.013337 0 0 0.078093 0 0 0.007174 0
0 0 0 0 0 0 0 0 0 0 0 0 0 0 0 0 0 0 0 0 0 0 0 0 0 0 0 0 0 0 0 0 0 0.0057542 0 0 0 0 0 0 0 0 0 0 0 0 0 0 0 0 0 0 0 0 0 0.49454 1 0.49854 0.018213 0 0 0 0 0.14484 0.086831 1 0.98537 0.84921 0.51463 0.083496 0 0 0 0 0 0.80499 1 1 0.009071 0 0 0 0 0 0 0 0.31142 0 0 0 0 0 0 0 0 0 0.0085289 0 0 0.009523
0 0 0 0 0 0 0 0 0 0 0 0 0 0 0 0 0 0 0 0 0 0 0 0 0 0 0 0 0 0 0 0 0 0 0.0042497 0 0 0 0 0 0 0 0 0 0 0 0 0.13514 0.029786 0 0 0 0 0 0 0 0.19479 1 0.22746 0.016875 0 0 0 0 0.2307 0.045617 0.8957 0.98621 0.97952 0.83609 0 0 0 0 0 0.018847 1 0.84524 0 0.024934 0 0 0 0 0 0 0 0.43784 0.024972 0 0 0 0 0 0.0071229 0 0 0 0 0
0 0 0 0 0 0 0 0 0 0 0 0 0 0 0 0 0 0 0 0 0 0 0 0 0 0 0 0 0 0 0 0 0 0 0 0.002223 0 0 0 0 0 0 0 0 0 0 0 0.034286 1 0.0003495 0 0 0 0 0 0 0.0098991 0.24034 0.82826 1 0 0 0 0 0 0.082555 0.1003 0.81123 0.98613 1 0 0 0 0 0 0 0.018166 0.52848 0.93386 0.89307 0 0 0 0 0 0 0 0.020766 0.33686 0 0 0 0 0 0 0.0015722 0 0 0.005793 0
0 0 0 0 0 0 0 0 0 0 0 0 0 0 0 0 0 0 0 0 0 0 0 0 0 0 0 0 0 0 0 0 0 0 0 0 0.0015945 0 0 0 0 0 0 0 0 0 0 0 0.03034 0.31615 0 0 0 0 0 0 0 0.022347 0.99377 0.90109 0 0 0 0 0 0 0.065763 0.14837 0.92123 0.9852 0 0 0 0 0 0 0 0.0085128 0.52328 0.89489 0 0 0 0 0 0 0 0 0.022997 0.41329 0 0 0 0 0 0 0.0070349 0 0 0.083064
0 0 0 0 0 0 0 0 0 0 0 0 0 0 0 0 0 0 0 0 0 0 0 0 0 0 0 0 0 0 0 0 0 0 0 0 0 0 0 0 0.2132 0 0 0.0014572 0 0 0 0 0 0 0.44895 0.015548 0 0 0 0 0 0 0 0 0.94984 1 0.028825 0 0 0 0 0 0 0 0.98738 1 0.11966 0.16595 0 0 0 0 0 0 1 0 0 0 0 0 0 0 0 0 0 0.010292 0 0 0 0 0 0 0 0
0 0 0 0 0 0 0 0 0 0 0 0 0 0 0 0 0 0 0 0 0 0 0 0 0 0 0 0 0 0 0 0 0 0 0 0 0 0 0 0 0 0.1708 0 0 0 0 0 0 0 0 0.03736 0.32994 0.03761 0 0 0 0 0 0 0 0.91074 1 0.97302 0 0 0 0 0 0 0 0.68632 0.98871 0.99606 0.96828 0.094428 0 0 0 0 0 0.73498 0.78806 0.59524 0.032073 0 0 0 0 0 0 0 0 0 0 0 0 0 0 0 0
0 0 0 0 0 0 0 0 0 0 0 0 0 0 0 0 0 0 0 0 0 0 0 0 0 0 0 0 0 0 0 0 0 0 0 0 0 0 0 0 0 0 0.24818 0 0 0 0 0 0 0 0 0.034426 0.53598 0.030429 0 0 0 0 0 0 0 0.52981 0.81646 0.1954 0 0 0 0 0 0 0 0.94404 0.9837 1 0 0.1174 0 0 0 0 0.024743 0.82338 0.97508 0.79487 0.041579 0 0 0 0 0 0 0 0.4465 0.030533 0 0 0 0 0 0
0 0 0 0 0 0 0 0 0 0 0 0 0 0 0 0 0 0 0 0 0 0 0 0 0 0 0 0 0 0 0 0 0 0 0 0 0 0 0 0 0 0 0 0.14291 0 0 0 0 0 0 0 0 0 0.68358 0.03329 0 0 0 0 0 0 0.032933 0.56467 1 0.73111 0 0 0 0 0 0.094219 0.67884 0.97187 0.98786 1 0.18748 0 0 0 0 0 6.5452e-005 1 0.9113 0.57647 0 0 0 0 0 0 0 0.013662 0.080115 0.032606 0 0 0 0 0
0 0 0 0 0 0 0 0 0 0 0 0 0 0 0 0 0 0 0 0 0 0 0 0 0 0 0 0 0 0 0 0 0 0 0 0 0 0 0 0 0 0 0 0 0.053195 0 0 0.0021763 0 0 0 0 0 0 0.03366 0.033302 0 0 0 0 0 0 0.00027396 0.81465 0.98786 1 0.0067408 0 0 0 0 0 0 0.89267 0.99036 0.83688 0 0 0 0 0 0 0.043168 0.15548 0.92238 1 0 0 0 0 0 0 0 0.013807 0.59995 0.018608 0 0 0 0
0 0 0 0 0 0 0 0 0 0 0 0 0 0 0 0 0 0 0 0 0 0 0 0 0 0 0 0 0 0 0 0 0 0 0 0 0 0 0 0 0 0 0 0 0 0.11062 0 0 0.0036092 0 0 0 0 0 0.019378 0 0.062894 0 0 0 0 0 0 0 1 1 0.65249 0.039523 0 0 0 0 0 0.082442 0.921 0.98624 0.86086 0.32155 0 0 0 0 0 0.022647 0.75855 0.99275 0.87358 0.042487 0 0 0 0 0 0 0.033334 0.53141 0.018148 0 0 0
0 0 0 0 0 0 0 0 0 0 0 0 0 0 0 0 0 0 0 0 0 0 0 0 0 0 0 0 0 0 0 0 0 0 0 0 0 0 0 0 0 0 0 0.0064202 0 0 0 0 0 0.0018177 0 0 0 0 0 0.011102 0.30161 0 0 0 0 0 0 0 0 0.73419 1 0.47282 0 0 0 0 0 0 0.075648 0.97101 0.98347 0.71855 0.23116 0.03459 0 0 0 0 0.031987 1 0.9979 1 0 0 0 0 0 0 0 0 0.29835 0.027824 0 0
0 0 0 0 0 0 0 0 0 0 0 0 0 0 0 0 0 0 0 0 0 0 0 0 0 0 0 0 0 0 0 0 0 0 0 0 0 0 0 0 0 0 0 0 0.0025738 0 0 0.16862 0 0 0 0 0 0 0 0 0 0.61729 0 0 0 0 0 0 0 0.0057792 0.6023 0.84861 0.55296 0.029413 0 0 0 0 0 0.33728 0.88238 0.98425 0.97387 0.2497 0 0 0 0 0 0.0065432 0.8456 0.73771 1 0.033215 0 0 0 0 0 0 0 0.47623 0.0026523 0
0 0 0 0 0 0 0 0 0 0 0 0 0 0 0 0 0 0 0 0 0 0 0 0 0 0 0 0 0 0 0 0 0 0 0 0 0 0 0 0 0 0 0 0 0 0.0045347 0 0 0.11439 0 0 0 0 0 0 0 0 0.026889 0 0.05035 0 0 0 0 0 0 0 0.38787 0.80993 0.72457 0 0 0 0 0 0 0.27184 1 0.98843 0.95328 0 0 0 0 0 0 0.010725 0 1 0.30892 0 0 0 0 0 0 0 0.025301 0 0.032806
0 0 0 0 0 0 0 0 0 0 0 0 0 0 0 0 0 0 0 0 0 0 0 0 0 0 0 0 0 0 0 0 0 0 0 0 0 0 0 0 0 0 0 0 0 0 0.0005307 0 0 0 0 0 0 0 0 0 0 0 0.0029349 0.11058 0 0 0 0 0 0 0 0 0.86377 0.811 0 0 0 0 0 0 0.21756 0.30071 0.70091 0.99021 0 0 0 0 0 0 0 0 0.70419 0.88799 0 0 0 0 0 0 0 0 0 0.29376
0 0 0 0 0 0 0 0 0 0 0 0 0 0 0 0 0 0 0 0 0 0 0 0 0 0 0 0 0 0 0 0 0 0 0 0 0 0 0 0 0 0 0 0 0 0 0 0 0 0 0 0 0 0 0 0 0 0 0 0 0.39497 0.018688 0 0 0 0 0 0 0 0 0.85634 0.68046 0 0 0 0 0 0 0 0 0.98158 0.94203 0.25459 0 0 0 0 0 0 0 0.98539 0.60142 0.02425 0 0 0 0 0 0 0
0 0 0 0 0 0 0 0 0 0 0 0 0 0 0 0 0 0 0 0 0 0 0 0 0 0 0 0 0 0 0 0 0 0 0 0 0 0 0 0 0 0 0 0 0 0 0 0 0 0 0 0 0 0 0.0074367 0 0 0 0 0 0.01964 0 0 0 0 0 0 0 0 0 0.31451 0.88981 0.94364 0.049489 0 0 0 0 0 0 0.90479 0.98957 0.95404 0.017139 0 0 0 0 0 0 1 1 0.7439 0.00093881 0 0 0 0 0 0
0 0 0 0 0 0 0 0 0 0 0 0 0 0 0 0 0 0 0 0 0 0 0 0 0 0 0 0 0 0 0 0 0 0 0 0 0 0 0 0 0 0 0 0 0 0 0 0 0 0 0 0 0 0 0 0.0024566 0 0 0 0 0 0.021406 0 0 0 0 0 0 0 0 0.035759 1 1 0.62997 0 0 0 0 0 0 0.713 0.90233 0.9852 0.88347 0.81404 0.0024631 0 0 0 0 0.0078949 1 0.9531 1 0.0012522 0 0 0 0 0
0 0 0 0 0 0 0 0 0 0 0 0 0 0 0 0 0 0 0 0 0 0 0 0 0 0 0 0 0 0 0 0 0 0 0 0 0 0 0 0 0 0 0 0 0 0 0 0 0 0 0 0 0 0.032676 0 0 0.0020342 0 0 0 0 0 0.032836 0.67501 0 0 0 0 0 0 0 0 0.74103 1 0.4316 0.0075071 0 0 0 0 0.25366 0.50009 0.88073 0.98145 0.9869 0 0 0 0 0 0 0.0050108 1 0.95656 0.52357 0.016968 0 0 0 0
0 0 0 0 0 0 0 0 0 0 0 0 0 0 0 0 0 0 0 0 0 0 0 0 0 0 0 0 0 0 0 0 0 0 0 0 0 0 0 0 0 0 0 0 0 0 0 0 0 0 0 0.0010577 0 0 0.20407 0 0 0.0047206 0 0 0 0 0 0.029485 0 0 0 0 0 0 0 0 0.020214 0.44017 0.89911 0.78784 0.028125 0 0 0 0 0.040654 0.13121 0.86918 0.98797 0.90178 0.61565 0.014355 0 0 0 0 0.02593 0.96235 0.97178 0.5477 0 0 0 0
0 0 0 0 0 0 0 0 0 0 0 0 0 0 0 0 0 0 0 0 0 0 0 0 0 0 0 0 0 0 0 0 0 0 0 0 0 0 0 0 0 0 0 0 0 0 0 0 0 0 0 0 0 0 0 0.059565 0 0 0.00031778 0 0 0 0 0 0.00521 0.76174 0 0 0 0 0 0 0 0.049054 1 0.89663 0.97335 0 0 0 0 0 0.32949 0 1 0.98443 0.71389 0.34572 0.17201 0 0 0 0 0.023466 1 0.9919 0.66165 0.050108 0 0
0 0 0 0 0 0 0 0 0 0 0 0 0 0 0 0 0 0 0 0 0 0 0 0 0 0 0 0 0 0 0 0 0 0 0 0 0 0 0 0 0 0 0 0 0 0 0 0 0 0 0 0 0 0.0027061 0 0 0.040387 0 0 0 0 0 0 0 0 0.011079 0.21209 0.020267 0 0 0 0 0 0 0.0072507 0.89946 0.75103 0 0 0 0 0 0 0 0.081776 0.80291 0.98297 0.9229 0.48663 0 0 0 0 0 0.050827 0.4578 0.93378 0.88117 0.018282 0
0 0 0 0 0 0 0 0 0 0 0 0 0 0 0 0 0 0 0 0 0 0 0 0 0 0 0 0 0 0 0 0 0 0 0 0 0 0 0 0 0 0 0 0 0 0 0 0 0 0 0 0 0 0 0 0 0 0.013732 0 0 0 0 0 0 0 0 0.007484 0.75329 0.021128 0 0 0 0 0 0 0 1 0.90659 0.92074 0.028381 0 0 0 0 0.020597 0.51375 0.94914 0.98688 1 1 0 0 0 0 0 0.0050759 0.60254 0.97346 0.40663 0.035974
0 0 0 0 0 0 0 0 0 0 0 0 0 0 0 0 0 0 0 0 0 0 0 0 0 0 0 0 0 0 0 0 0 0 0 0 0 0 0 0 0 0 0 0 0 0 0 0 0 0 0 0 0 0 0 0.00085444 0 0 0.012353 0 0 0 0 0 0 0 0 0 0.09043 0.0088765 0 0 0 0 0 0 0.03286 0.45938 1 1 0 0 0 0 0 0 0.35043 0.89151 0.98468 1 0 0 0 0 0 0 0.047038 0.50726 0.85556 0.15059
0 0 0 0 0 0 0 0 0 0 0 0 0 0 0 0 0 0 0 0 0 0 0 0 0 0 0 0 0 0 0 0 0 0 0 0 0 0 0 0 0 0 0 0 0 0 0 0 0 0 0 0 0 0 0 0 7.7289e-005 0 0 0.057106 0 0 0 0 0 0 0 0 0.02285 0.26097 0 0 0 0 0 0 0 0 0.78292 0.88573 0 0 0 0 0 0 0 0 0.71117 0.98478 0 0 0 0 0 0 0 0.015167 0.26789 1
0 0 0 0 0 0 0 0 0 0 0 0 0 0 0 0 0 0 0 0 0 0 0 0 0 0 0 0 0 0 0 0 0 0 0 0 0 0 0 0 0 0 0 0 0 0 0 0 0 0 0 0 0 0 0 0 0 0 0 0 0.040708 0 0 0 0 0 0 0 0 0 0 0 0 0 0 0 0 0 0 0 0.93858 0.73374 0.014286 0 0 0 0 0 0 0 0.99004 0.78787 0.13914 0.13155 0 0 0 0 0 0
0 0 0 0 0 0 0 0 0 0 0 0 0 0 0 0 0 0 0 0 0 0 0 0 0 0 0 0 0 0 0 0 0 0 0 0 0 0 0 0 0 0 0 0 0 0 0 0 0 0 0 0 0 0 0 0 0 0 0 0 0 0.12484 0 0 0.0039065 0 0 0 0 0 0.014147 0.44011 0.036681 0 0 0 0 0 0 0 0.95963 1 0.74563 0.018781 0 0 0 0 0 0 0.82265 0.98559 0.892 0.38253 0.003126 0 0 0 0 0
0 0 0 0 0 0 0 0 0 0 0 0 0 0 0 0 0 0 0 0 0 0 0 0 0 0 0 0 0 0 0 0 0 0 0 0 0 0 0 0 0 0 0 0 0 0 0 0 0 0 0 0 0 0 0 0 0 0 0 0 0 0 0.14694 0 0 0.0060608 0 0 0 0 0 0.042798 0.63925 0.0064675 0 0 0 0 0 0 0 0.57993 0.8844 0.58109 0 0 0 0 0 0 0.00083131 0.74763 0.99237 0.96534 0.23267 0 0 0 0 0
0 0 0 0 0 0 0 0 0 0 0 0 0 0 0 0 0 0 0 0 0 0 0 0 0 0 0 0 0 0 0 0 0 0 0 0 0 0 0 0 0 0 0 0 0 0 0 0 0 0 0 0 0 0 0 0 0 0 0 0 0.0040562 0 0 0.08358 0 0 0 0 0 0 0 0 0.048729 0.63393 0 0 0 0 0 0 0 0.0085375 0.80617 0.90214 0.38011 0.019438 0 0 0 0 0.11017 0 1 0.9842 0.77855 0.65899 0 0 0 0
0 0 0 0 0 0 0 0 0 0 0 0 0 0 0 0 0 0 0 0 0 0 0 0 0 0 0 0 0 0 0 0 0 0 0 0 0 0 0 0 0 0 0 0 0 0 0 0 0 0 0 0 0 0 0 0 0 0 0 0 0 0.0027169 0 0 0.079743 0 0 0.00082748 0 0 0 0 0 0 0.3687 0.031785 0 0 0 0 0 0 0.019638 0.49882 0.83509 0.7699 0.005875 0 0 0 0 0 0 1 0.98856 0.99314 0.41952 0.18574 0 0
0 0 0 0 0 0 0 0 0 0 0 0 0 0 0 0 0 0 0 0 0 0 0 0 0 0 0 0 0 0 0 0 0 0 0 0 0 0 0 0 0 0 0 0 0 0 0 0 0 0 0 0 0 0 0 0 0 0 0 0 0 0 0.0019573 0 0 0.04107 0 0 0 0 0 0 0 0 0.026294 0 0 0 0 0 0 0 0 0.019691 0.35474 0.85438 0.88846 0.0015724 0 0 0 0 0 0.47753 0.8355 0.99052 0.95305 0.72652 0.015859 0
0 0 0 0 0 0 0 0 0 0 0 0 0 0 0 0 0 0 0 0 0 0 0 0 0 0 0 0 0 0 0 0 0 0 0 0 0 0 0 0 0 0 0 0 0 0 0 0 0 0 0 0 0 0 0 0 0 0 0 0 0 0 0 0.0011681 0 0 0 0 0 0.008264 0 0 0 0 0 0.018783 0.053305 0.013459 0 0 0 0 0 0 0.013077 0.62599 1 0.65354 0.0031596 0 0 0 0 0.0025748 0 0.9159 0.98872 0.77683 0 0.0072096
0 0 0 0 0 0 0 0 0 0 0 0 0 0 0 0 0 0 0 0 0 0 0 0 0 0 0 0 0 0 0 0 0 0 0 0 0 0 0 0 0 0 0 0 0 0 0 0 0 0 0 0 0 0 0 0 0 0 0 0 0 0 0 0 0.0082531 0 0 0.01826 0 0 0 0 0 0 0 0 0 0.14894 0.017379 0 0 0 0 0 0 0.013555 0.71972 0.75812 0.69503 0.0097088 0 0 0 0 0.073537 0.11992 1 0.97814 0.94674 0.57685
0 0 0 0 0 0 0 0 0 0 0 0 0 0 0 0 0 0 0 0 0 0 0 0 0 0 0 0 0 0 0 0 0 0 0 0 0 0 0 0 0 0 0 0 0 0 0 0 0 0 0 0 0 0 0 0 0 0 0 0 0 0 0 0 0 0 0 0 0.13904 0 0 0 0 0 0 0 0 0.067971 0.76942 0.01205 0 0 0 0 0 0 0.013498 0.59713 1 0.54958 0 0 0 0 0 0 0.29853 1 0.98608 0.77127
0 0 0 0 0 0 0 0 0 0 0 0 0 0 0 0 0 0 0 0 0 0 0 0 0 0 0 0 0 0 0 0 0 0 0 0 0 0 0 0 0 0 0 0 0 0 0 0 0 0 0 0 0 0 0 0 0 0 0 0 0 0 0 0 0 0 0 0 0 0 0 0 0 0 0 0 0 0 0.030148 0 0 0 0 0 0 0 0 0.048579 0.74223 0.95791 0 0 0 0 0 0 0.027202 0 0.7546 0.98597
