0.99145 0.99024 0.63543 0.15043 0.31454 0.0023199 0 0 0 0 0.98258 0.88423 0.69727 0.14343 0 0 0 0 0 0 0.84328 1 0 0.0347 0 0 0.0038187 0 0 0 0 0.50608 0.076458 0 0 0 0 0 0 0 0 0 0 0 0 0.0033724 0 0 0 0 0.0051701 0 0 0 0.0058266 0 0 0 0 0 0 0 0.00039761 0 0 0 0 0 0 0 0 0 0 0 0 0 0 0 0 0 0 0 0 0 0 0 0 0 0 0 0 0 0 0 0 0 0 0 0 0
1 0.98961 0.95197 1 0.16226 0.092187 0.0017859 0 0 0 0.93129 0.96237 0.74011 1 0.30992 0 0 0 0 0 0.30183 0.84592 0.53004 0.76246 0.1904 0 0 0.0058051 0 0 0 0.2903 0.2467 0.21675 0 0 0 0 0 0 0 0.20795 0 0.10748 4.4696e-005 0 0 0 0 0 0 0 0 0 0 0 0 0 0 0 0 0 0 0.0065089 0 0 0 0 0 0 0 0 0 0 0 0 0 0 0 0 0 0 0 0 0 0 0 0 0 0 0 0 0 0 0 0 0 0 0 0
0.19032 0.97771 0.98307 0.97561 0.76847 0 0.14805 0 0 0 1 1 0.93541 1 0.62535 0.099739 0 0 0 0 0.30568 0.52733 1 0.55641 0.62453 0 0 0 0 0 0.00069078 0.59116 0.38692 0.75835 0.16757 0 0 0 0 0 0 0 0 0 0.15016 0 0 0 0 0 0 0 0.00057249 0 0 0 0.00010833 0 0 0 0.0012045 0 0 0 0.003046 0 0 0 0 0 0 0 0 0 0 0 0 0 0 0 0 0 0 0 0 0 0 0 0 0 0 0 0 0 0 0 0 0 0 0
0 1 0.99399 0.99043 0.98625 0.69462 0.18959 0 0 0 0.27223 1 0.75216 0.96678 0.71444 0.61157 0.41419 0 0 0 0.099408 0.25611 0.76115 1 1 0 0.14511 0 0 0.0049994 0 0.23434 0.56908 0 0.41741 0 0 0 0 0 0 0.02473 0 0.10799 0 0 0.0016793 0 0.0024434 0 0 0 0 0.0015812 0 0 0 0.00020329 0 0 0 0.00072727 0 0 0 0.013944 0 0 0 0 0 0 0 0 0 0 0 0 0 0 0 0 0 0 0 0 0 0 0 0 0 0 0 0 0 0 0 0 0 0
0.0088535 0.77379 0.31327 0.98658 0.98145 1 0.93515 0 0.14076 0.0014329 0 0.42968 0.67364 0.91297 0.9417 0.94633 0.43694 0.61452 0 0 0.029157 0 0 0.89537 0.85562 0.60736 0.5028 0 0.15629 0 0.002975 0 0 0.21836 0 0.79167 0.12817 0 0.001484 0 0 0 0 0 0.15084 0 0 0 0 0 0 0 0 0 0.0029588 0 0 0 0.0055229 0 0 0 0.0015634 0 0 0 0.002271 0 0 0 0 0 0 0 0 0 0 0 0 0 0 0 0 0 0 0 0 0 0 0 0 0 0 0 0 0 0 0 0 0
0 0.21522 0.49535 0.82997 1 0.98393 0.968 0 0 0 0 0 0.11117 0.88805 0.99518 1 0.98935 0.48317 0 0 0 0.025047 0.01117 0.49901 1 0.19537 0.12648 0 0.1442 0 0 0 0 0.075497 0.50247 0 0 0.16993 0 0.00018895 0 0 0 0 0 0 0 0.11649 0 0 0 0 0 0 0 0.0023459 0 0 0 0.0045679 0 0 0 0 0 0 0 0 0 0 0 0 0 0 0 0 0 0 0 0 0 0 0 0 0 0 0 0 0 0 0 0 0 0 0 0 0 0 0 0
0 0 0.20603 0.85723 1 0.95426 0.98152 0.98983 0.54007 0 0 0 0 0.56372 1 1 0.94568 1 1 0.65323 0 0 0 0.096747 0.38657 0.70932 0.74528 0.74304 0.36287 0 0 0 0.0038428 0 0.051704 0 0.21233 0.55484 0.11306 0 0 0.00048874 0 0 0 0 0.033952 0 0.2469 0.0019524 0 0 0.00066257 0 0 0 0.0027177 0 0 0 0 0 0 0 0.0020866 0 0 0 0 0 0 0 0 0 0 0 0 0 0 0 0 0 0 0 0 0 0 0 0 0 0 0 0 0 0 0 0 0 0 0
0 0 0.0020373 0 0.23986 0.44312 0.96438 0.98138 0.96192 0.20372 0 0 0 0 0.70477 0.98699 1 0.9747 0.72393 0.83031 0 0.007237 0 0.020146 0.22513 0.138 0.89156 0.96732 0.91058 0 0 0 0 0 0 0 0.59678 0.51396 0.71432 0.36602 0 0 0.0052971 0 0 0 0 0.060739 0 0.0029075 0 0 0 0.0017642 0 0 0 0.000484 0 0 0 0 0 0 0 0.0055406 0 0 0 0.0091901 0 0 0 0 0 0 0 0 0 0 0 0 0 0 0 0 0 0 0 0 0 0 0 0 0 0 0 0 0 0
0 0 0 0 0.23649 0 0.88554 0.96079 0.99181 0.96669 0 0 0 0 0 0.5971 0 0.95943 0.95741 0.94264 0 0 0 0 0.13032 0 0 0.81543 0.86691 0.92272 0 0 0 0 0.0010486 0 0 1 0.094484 0.35365 0 0 0 0 0 0 0.26442 0 0.14005 0 0 0 0 0 0 0 0 0 0.0039014 0 0 0 0 0 0 0 0 0 0 0 0 0 0 0 0 0 0 0 0 0 0 0 0 0 0 0 0 0 0 0 0 0 0 0 0 0 0 0 0 0
0 0 0 0 0 0.32681 0.43602 0.23116 0.93195 0.99033 0 0 0 0 0 0 0 1 0.78389 0.96327 0 0 0 0 0 0 0 0.28934 0.30255 0.70212 0 0 0 0 0 2.7699e-005 0 0 0.17288 0 0 0 0 0 0.0044659 0 0.0041863 0.29759 0 0 0 0 0 0 0 0 0 0 0 0.0044925 0 0 0 0 0 0 0 0.0012719 0 0 0 0 0 0 0 0 0 0 0 0 0 0 0 0 0 0 0 0 0 0 0 0 0 0 0 0 0 0 0 0
0.98523 1 0.63681 0.4943 0 0 0 0 0 0 0.98636 0.97999 0.68874 0.20361 0 0 0 0 0 0 0.97704 0.86298 1 1 0 0 0 0 0 0 0.86051 0.66737 0.57085 0.060193 0.05363 0 0 0 0 0 0 0.96829 0 0 0.0037772 0 0 0 0 0 0.26118 0 0 0 0 0 0 0 0 0 0 0 0 0 0 0 0 0 0 0 0 0 0 0 0 0 0 0 0 0 0 0 0 0 0 0 0 0 0 0 0 0 0 0 0 0 0 0 0 0
0.77464 0.97917 1 1 0.90863 0 0 0 0 0 0.96379 0.98612 0.99733 0.69018 0.46055 0 0 0 0 0 1 0.91191 0.95109 1 0.0012578 0 0 0 0 0 0.85627 1 0.45086 0.43471 0 0.099578 0 0.00072159 0 0 0.52847 0.34457 0.61551 0 0 0 0 0 0 0 0 0 0 0.067979 0 0 0 0 0 0 0 0.0020925 0 0 0 0.004226 0 0 0 0 0 0 0 0.0035891 0 0 0 0 0 0 0 0 0 0 0 0 0 0 0 0 0 0 0 0 0 0 0 0 0 0
0.027531 0.75308 0.98297 0.89113 1 0.71178 0 0 0 0 1 0.92846 0.98889 0.97676 0.80026 1 0.030643 0.0039891 0 0 1 0.85754 0.97554 0.81963 0.46565 1 0 0 0 0 0.054391 1 0.37307 0.89102 0 0.075733 0.025606 0 0.0012639 0 0 0.48653 0.24015 0.32442 0.1028 0 0 0 0 0 0 0 0.047931 0 0 0.00042542 0 0 0 0 0 0 0.0012846 0 0 0 0 0 0 0 0 0 0 0 0.00030498 0 0 0 0 0 0 0 0 0 0 0 0 0 0 0 0 0 0 0 0 0 0 0 0 0
0.41802 0.91637 0.89083 0.94372 1 0.69073 0.93003 0 0 0 0.0818 1 0.9744 0.98481 0.9588 0.4049 0.22146 0 0.0032769 0 0 1 0.98484 0.96126 0.92368 0.63233 0.99843 0 0 0 0 0 0.40796 0.30248 0.26882 0.25492 0.21989 0.028683 0 0 0 0.22756 0.19246 0.012022 0.92005 0 0 0 0 0 0 0.10442 0 0.10561 0 0.12296 0 0 0.0060163 0 0 0 0 0.0040365 0 0 0 0.0049244 0 0 0 0.0014457 0 0 0 0.0050245 0 0 0 0 0 0 0 0 0 0 0 0 0 0 0 0 0 0 0 0 0 0 0 0
0 0.65691 0.80314 0.88744 0.94869 1 0.60662 0.76521 0 0 0 0 0.36626 0.94517 0.99397 0.98885 0.79148 0.29956 0.15968 0 0 0 0.80276 0.75193 0.96655 0.81313 0.75195 0.15703 0 0 0 0 0.19455 0.60899 0.36602 0.90296 0.5043 0 0.2263 0 0.0032442 0 0 0.96399 0 0.42447 0.17202 0 0 0 0 0 0 0 0 0 0 0 0 0 0.0054818 0 0 0 0 0 0 0 0 0 0 0 0.00583 0 0 0 0 0 0 0 0 0 0 0 0 0 0 0 0 0 0 0 0 0 0 0 0 0 0 0
0 0 0.92854 0.91202 0.95271 1 1 1 0.87834 0 0 0.03355 0.55434 1 0.96791 0.98147 0.96718 0.12299 0.11599 0 0 0 0.4423 0.39471 1 0.99661 0.92766 0.75671 0.60371 0 0 0 0.32401 0.49462 0.11991 0.47689 0.3763 0.79191 0.14933 0.01748 0 0.0042988 0 0.14504 0.44548 0.00043969 1 0 0 0 0 0 0.0015821 0 0 0 0 0.035499 0 0 0 0 0 0 0 0.00148 0 0 0 0.0053778 0 0 0 0.0026727 0 0 0 0 0 0 0 0 0 0 0 0 0 0 0 0 0 0 0 0 0 0 0 0 0 0
0 0 0 0.55256 0.60259 0.87379 0.90933 0.99474 0.56666 0.68753 0 0.0022355 0 0.26033 0.816 0.94499 0.98512 0.9554 0.99206 0.15257 0 0 0 0 0.20331 0.94128 0.97918 0.90963 0.55687 0.23726 0.0026655 0 0 0.034696 0.30515 0.39582 1 1 0.4277 0.0037702 0 0 0.0048723 0 0 0.38216 0.32529 0.0099409 0 0 0 0 0 0.0028599 0.061346 0 0 0 0.011544 0.0012147 0 0 0.002901 0 0 0 0 0 0 0 0 0 0 0 0 0 0 0 0.0022735 0 0 0 0 0 0 0 0 0 0 0 0 0 0 0 0 0 0 0 0 0
0 0 0 0 0.56131 0.37744 1 0.98862 0.91545 0.54662 0 0 0.0020325 0 0.64464 0.088458 0.95777 0.98427 0.99428 0.74836 0 0 0 0 0.38674 1 0.90762 0.95998 1 0.54724 0 0 0 0 0.12466 0.34621 0.61841 0.876 0.46843 0.35292 0 0 0 0.0011048 0 0.042265 0.58321 0 0.71261 0.14501 0 0 0.00065494 0 0.00082467 0 0 0.046849 0 0 0 0 0 0.00087643 0 0 0 0 0 0 0 0 0 0 0 0 0 0 0 0 0 0 0 0 0 0 0 0 0 0 0 0 0 0 0 0 0 0 0 0
0 0 0 0 0 0.15005 0.68221 0.96622 0.98198 0.93914 0 0 0 0.0046312 0.11443 0 0.75547 0.9495 0.98942 0.94687 0 0 0 0 0 0.83039 0.48293 0.75107 0.92939 0.98544 0 0 0 0 0 0.14019 0.65464 0.69872 1 0.63892 0 0 0 0 0 0 0.083711 0.43208 0.40497 0.19015 0 0 0 0 0 0.0012512 0.19872 0 0 0 0 0 0 0 0 0 0 0 0 0 0 0 0 0 0 0 0.0012098 0 0 0 0 0 0 0 0 0 0 0 0 0 0 0 0 0 0 0 0 0 0 0
0 0 0 0 0 0 0.71961 0.58273 0.96403 0.94798 0 0 0 0 0.0044313 0.14372 0.27568 0.71016 0.98693 0.98169 0 0 0 0 0 0 0.23213 0.20329 1 0.97058 0 0 0 0 0 0.0034804 0.0090946 0 0.73333 1 0 0 0 0 0 0 0 0.058123 0.44316 0.74401 0 0 0 0 0.0019772 0 0 0.010008 0 0.22489 0 0 0 0 0 0.0073557 0 0 0 0 0 0 0 0 0 0 0 0.0076429 0 0 0 0 0 0 0 0 0 0 0 0 0 0 0 0 0 0 0 0 0 0
0.8552 1 0 0.092619 0.029574 0 0.00059811 0 0 0 0.96631 1 0.5961 0.90468 0 0 0 0 0 0 0.99116 0.97492 0.7373 0 0.33889 0.0047356 0 0 0 0 0.95714 1 1 0.94697 0 0 0 0 0 0 0.42644 0.56364 0.58236 0.10092 0.039826 0 0.0038664 0 0 0 0.17947 0.39716 0.075216 0 0 0 0 0 0 0 0.10124 0 0.12344 0 0 0.00092569 0 0 0 0 0.001515 0 0 0 0 0 0 0 0 0 0 0 0.0029967 0 0 0 0 0 0 0 0 0 0 0 0 0 0 0 0 0
0.31232 0.20692 1 0.49995 0.092254 0 0 0.0023668 0 0 0.82372 0.97047 1 0.64123 0.70244 0 0 0 0 0 0.97175 0.98368 1 0.81766 0.41831 0 0 0 0 0 1 0.96619 1 0.65761 0.65979 0 0 0 0 0 0.49666 0.44299 0.80239 0.073987 0.032022 0.072958 0 0 0 0 0.31515 0.38443 0 0 0 0 0 0 0 0 0 0 0 0.01808 0.0034699 0 0.00041543 0 0 0 0 0.0052878 0 0 0 0.0037569 0 0 0 0 0 0 0 0.0025132 0 0 0 0 0 0 0 0 0 0 0 0 0 0 0 0
0.0071345 0.72828 0.72816 0.78775 0 0.25508 0 0 0 0 0.5271 1 0.95397 0.70497 0.53421 0.32877 0 0 0 0 1 0.96328 0.98755 0.9465 1 0 0 0.0029144 0 0 1 0.77574 0.96987 1 1 0.52319 0 0 0 0 0.2553 0.41348 0.61996 0.36304 0 0.11151 0.11254 0 0.0039594 0 0.014339 0 0.22074 0.76291 0 0 0 0 0 0 0.089178 0 0.27222 0 0 0 0 0.0023947 0 0 0 0 0.0038934 0 0 0 0.0065631 0 0 0 0 0 0 0 0 0 0 0 0 0 0 0 0 0 0 0 0 0 0 0
0.11296 0.22639 0.80523 0.95624 0.80247 0.40539 0 0 0 0.0041272 0.20266 1 0.90765 1 0.94253 1 0.6745 0 0 0 0.17292 0.50222 0.9405 0.98497 0.95218 0.28161 0 0 0.00070389 0 0 0.7445 1 1 0.92922 0.90411 0.57668 0 0 0 0.099487 0.60833 0.2676 0.92689 0.92219 0 0.017956 0.018695 0 0.0024953 0 0.34673 0.16378 0.4765 0.62499 0.084823 0 0.0045317 0 0 0.0046033 0 0 0.012253 0 0.058256 0 0 0 0 0 0 0 0 0 0 0 0 0 0 0 0.0071105 0 0 0 0 0 0 0 0 0 0 0 0 0 0 0 0 0 0
0.085761 0.16653 0.64133 0.59096 0.22794 0.37748 0 0.2409 0 0 0 0.21727 0.84757 1 0.98608 1 0.6695 0 0 0 0.088127 0.018701 0.85822 0.99841 0.988 0.94689 0.86522 0.099286 0.013317 0.0063755 0 0.42888 0.57973 0.93128 0.97401 0.93306 0.90924 0 0 0 0 0.23354 0.61352 0.858 0.54473 0.85982 0.23206 0 0 0 0 0 0 0.20491 0.051719 0.74399 0.19582 0 0 0 0 0 0.018081 0 0 0 0.0029605 0.0063907 0 0.0016 0.0038228 0 0 0 0.00063825 0 0 0 0 0 0 0 0.0011746 0 0 0 0.003961 0 0 0 0 0 0 0 0 0 0 0 0 0
0 0.1525 0.2364 0 0.57149 0.27914 0.37606 0 0 0.12126 0 0 0.57327 0.35571 1 0.94971 0.98169 0.84635 0.61259 0 0.0057335 0 0 0.82424 0.94084 0.98403 0.98437 0.60349 0.30921 0.40276 0 0 0.25233 1 0.93461 0.99263 1 1 1 0 0 0 0.2521 0 0.59696 0.73287 0.33664 0.66777 0.21374 0 0 0.0051825 0 0 0.70441 0.49459 0 0.075569 0 0 0.00052891 0 0 0.20186 0 0 0 0 0 0 0 0.01227 0 0 0 0 0 0 0 0.0022978 0 0 0 0 0 0 0 0.0017148 0 0 0 0 0 0 0 0 0 0 0 0
0 0 0 0 0.75895 1 1 0.64429 0.33467 0.29568 0 0 0 0.71924 0.31439 0.76749 0.97318 0.67585 0.41777 0.18391 0 0.0051662 0.15928 0.57341 0.18342 0.94263 0.98965 0.96153 0.68017 0.38338 0 0 0 0.21222 1 0.77719 0.95011 1 0.053033 0.28389 0.010408 0 0 0 0.30889 0.60412 0.67319 0.29845 0.29697 0.11282 0 0 0.00020227 0 0.1055 0.2589 0 0.48413 0.16161 0 0 0 0 0.0022759 0 0 0 0 0 0 0 0 0 0 0 0 0 0 0 0 0 0 0 0 0.0040886 0 0 0 3.6251e-005 0 0 0 0 0 0 0 0 0 0 0
0 0 0 0 0.10433 0.73883 1 0.33622 0.48669 0.33518 0 0 0 0 0.74559 0.24612 0.97171 0.97136 1 0.75057 0 0 0.00016321 0.11959 0.061844 0.51774 0.99064 0.98987 0.96971 1 0 0 0 0 0 0.39473 0.98448 0.95649 0.89365 0.63152 0 0.0035817 0 0.15895 0 0.2829 0.59106 0.068905 0.78118 0.066589 0 0 0 0 0 0.029437 0.20254 0.72355 0 0 0 0 0.002755 0 0.0022024 0.065932 0 0.18895 0 0 0 0 0 0.0021525 0 0 0 0 0 0 0 0 0 0 0 0 0 0 0 0.0021817 0 0 0 0 0 0 0 0 0 0
0 0 0 0 0.028587 0.35994 0 0.94253 0.40175 0.51447 0 0 0 0 0 0.33318 0.34702 1 0.95847 0.90121 0 0 0 0.0014516 0 0 0.67261 0.94189 0.99777 0.96514 0 0 0 0 0 0.81085 0.79721 0.79762 0.97515 0.95125 0 0 0.0054111 0 0.032416 0.042717 0.12515 1 0.59883 1 0 0 0 0 0.0015808 0 0.048806 0.12913 0.26712 0.19604 0 0 0 0.005859 0 0.0017302 0.026673 0 0 0 0 0 0 0 0.0096492 0 0 0 0 0 0 0 0 0 0 0 0 0 0 0 0 0 0 0 0 0 0 0 0 0
0 0 0 0.0017214 0 0.18252 0 0.030882 0.83408 0.29641 0 0 0 0 0 0 0.089907 1 0.62148 0.95335 0 0 0 0 0.0037454 0.0012861 0.20624 0.81446 1 0.98075 0 0 0 0 0 0 0.61601 0.82709 1 0.98515 0 0 0 0.0087483 0 0 0.009402 0.67696 0.41127 0.62805 0 0 0 0 0 0.00055105 0 0 0.98699 0.21327 0 0 0 0 0.0078784 0 0 0.15297 0 0.11174 0 0 0 0 0 0.004154 0 0 0 0.0046248 0 0 0 0 0 0 0 0.0024048 0 0 0 0 0 0 0 0 0 0 0 0
0.29368 0.81947 0.16977 0 0 0 0 0 0 0 0.70657 0.89244 0 0 0.025236 0 0 0 0 0 0.94546 0.57989 0.28774 0.44162 0 0 0 0 0 0 0.9899 0.95039 0.70584 0 0 0.0038789 0 0 0 0 0.97435 0.95394 0.56848 0.66867 0 0 0 0 0 0 0.75816 1 0.45531 0 0 0 0.0047637 0 0 0 0.13442 0.14289 0.19344 0 0.00434 0 0 0 0 0 0 0 0.062822 0.0061084 0 0 0 0 0 0 0.0015584 0 0 0 0 0 0 0 0 0 0 0 0 0 0 0 0 0 0 0
0.27861 0 0.23819 0.056433 0 0.0040318 0 0 0 0 0.90716 0.81363 0.67392 0 0.050602 0 0 0.0013546 0 0 1 0.99164 0.84499 1 0.45813 0 0 0 0 0 0.9718 0.97817 0.93476 0.62112 0.068669 0.011467 0.0022428 0 0 0 1 0.96717 0.88209 0.68579 0.26488 0 0 0 0 0 0.11711 0.90417 0.85806 0.22932 0 0.24355 0 0.0014824 0 0 0.44398 0.43969 0.79803 0.014888 0 0 0 0 0 0 0 0 0 0 0 0 0 0 0 0 0 0.0039645 0 0 0 0 0 0 0 0 0 0 0 0.00077816 0 0 0 0 0 0
0.26331 0.2688 0.67439 0.29931 0.30603 0 0.0023468 0 0 0 0 0.52084 0.14954 1 0.43101 0 0.0085448 0 0.012311 0 1 0.63689 0.99983 0.9257 1 0.8963 0 0 0 0 0.79238 0.97751 0.9869 0.97084 0.017723 0.72788 0.21219 0 0 0 0.55001 1 0.96034 1 0.63826 0 0 0 0 0 0.37392 1 0.61822 0.96439 0.3447 0.11561 0.3115 0 0.0052403 0 0.3369 0 0.022486 0.5244 0.17496 0 0 0 0 0 0.03294 0 0 0 0.084026 0 0 0.001194 0 0 0 0 0.0025391 0 0 0 0.0077395 0 0 0 0.0078033 0 0 0 0.0053978 0 0 0 0 0
0 0 0.23643 0.25332 0.052662 0.16272 0 0 0 0 0 0.53536 0.77237 0.80999 0.91195 0 0.04299 0.020201 0 0 0 0.21508 0.89978 0.99823 0.94292 0.31844 0.15957 0 0 0 0.99891 1 0.96606 0.9912 0.95387 1 0.32076 0.073585 0.0012382 0 0.14816 0.12278 0.97991 0.97084 1 0.75094 0.39844 0 0 0 0 0.26504 0.24665 0.92168 1 0.99802 0 0 0 0 0 0 0.23407 0.47527 0.20565 0.063806 0 0 0 0 0 0.021738 0 0 0 0.21595 0 0 0 0 0 0 0 0 0 0 0 0.0021344 0 0 0 0.0010504 0 0 0 0 0 0 0 0
0.00073277 0 0.36088 1 0 0.56006 0.063954 0 0.0043015 0 0.12974 0 0 0.87864 0.68179 1 0.32003 0.12206 0 0 0 1 0.96063 0.98779 0.95806 0.95647 0.42013 0.66273 0 0 0 0.047473 0.97984 0.95642 0.98386 0.99386 0.21244 0.5146 0.10985 0 0 0.37763 0.6601 0.67517 0.97625 0.99347 0.56122 1 0 0 0.10015 0.26931 0.13788 0.69263 0.96 0.93103 0.87694 0 0 0 0.0031092 0 0.19705 1 0.16447 0.72268 0.19268 0 0.00085695 0 0 0.00041607 0 0 0 0 0.028947 0.0014524 0 0 0 0 0 0 0.0051119 0 0 0 0 0 0 0 0.0071441 0 0 0 0.0010115 0 0 0
0 0.00071225 0 0 0 0.080266 0.83774 0.0306 0 0.0010396 0 0 0.011359 0.42627 0.22152 0.57516 1 0.3581 0.080648 0 0 0 0.43789 0.95446 0.83134 0.97431 0.93545 0.95054 0.90619 0 0 0.042535 0 0.35022 0.93856 0.98325 0.92638 0.37103 0.93842 0.031099 0 0 0.27161 0.97476 1 0.9498 1 0.45407 0.91963 0 0 0.025452 0.039248 0.3259 0.64953 0.28981 0.57804 0.165 0.010298 0 0 0 0 0.31522 0 0.27973 0.64025 0 0 0 0.003122 0 0.0042554 0.08036 0 0 0 0.080291 0.001345 0 0 0.0062752 0 0 0 0.0059222 0 0 0 0.0028409 0 0 0 0 0 0 0 0 0 0
0 0 0 0 0.028769 0.030789 0.19128 0.47518 0.24256 0 0.0037519 0 0 0 0.22889 0.36494 0.064298 0.44213 0.41955 0 0 0 0 0 0.81789 1 0.97258 0.89183 0.8638 0.26757 0 0 0 0.69446 0 0.96995 0.9907 0.93399 0.41729 0.13934 0 0 0 0.40242 0.28145 0.93077 0.98596 0.88755 1 0.86573 0 0 0.03327 0.27029 0.49035 0.31297 0.29092 0.99852 0.55494 0.14368 0 0 0.0065236 0 0 0.46969 0 0.7233 0.091581 0 0 0.0010763 0 0 0 0 0 0 0.10039 0.0073906 0 0 0.0085652 0 0 0 0 0 0 0 0 0 0 0 0 0 0 0 0 0
0 0 0 0.00205 0 0.23216 1 0 0.34514 0.29694 0 0.0032395 0 0.11304 0 0 1 1 0.49047 0.55056 0 0 0 0 0.38842 1 0.97459 0.99185 0.73177 0.45823 0 0 0.001344 0.011426 0.48742 0.69952 0.95085 0.98475 0.98101 0.22698 0 0 0 0 0.67401 1 0.71821 0.94392 0.79704 1 0 0 0 0.12159 0.050923 0 0.47792 0.51276 0 0.82339 0 0 0 0.0002889 0 0 0.67706 0.27862 1 0.19481 0 0 0 0 0.0075334 0 0 0 0 0.023011 0 0 0 0.0063209 0 0 0 0 0 0 0 0 0 0 0 0 0 0 0 0.00028223
0 0 0 0 0 0 0.056713 0.16236 0 0.64514 0 0 0.00048958 0 0.14702 0.050908 0.13898 0.65025 0.95734 0.27529 0 0 0 0 0 0.52585 0.27569 1 1 0.80511 0 0 0 0.0012667 0.21894 0.82109 1 0.9627 0.98712 0.97605 0 0 0 0 0 0.87129 1 1 0.93605 1 0 0 0.00027537 0 0.16959 0 0.38226 0.30076 1 0.4958 0 0 0 0 0.00065881 0 0.022402 0.16089 0.14671 0.31008 0 0 0 0.003056 0 0 0.010261 0 0.2092 0 0 0 0 0 0.0028541 0 0 0 0.0025283 0 0 0 0 0 0 0 0 0 0 0
0 0 0 0 0 0 0 0.070295 0.41474 0.24395 0 0 0 0 0 0.020403 0.29607 0.48471 0.26703 0.30147 0 0 0 0 0 0 0.7055 0.66983 0.89807 0.96958 0 0 0 0 2.4035e-005 0.03685 0.47388 0.92624 0.97069 0.98845 0 0 0 0 0 0 0.64256 0.8723 0.93965 0.93783 0 0 0 0 0 0.14222 0.2157 0.14022 0.71421 0.68047 0 0 0 0 0 0.0021093 0 0 0.37709 0 0 0 0 0 0.0001526 0 0 0.13197 0 0 0 0 0 0 0 0.0098473 0 0 0 0 0 0 0 0 0 0 0 0 0 0
0.19449 0 0 0.0038497 0 0.00029643 0 0 0 0 0.52489 0.16895 0 0 0.0040353 0 0 0 0 0 0.79993 0.4026 0.089933 0 0.00798 0 0 0 0 0 1 0.83964 0.96146 0.45835 0 0 0 0 0 0 0.98713 0.96873 0.41527 0 0 7.3246e-005 0 0 0 0 0.95625 1 1 0.6247 0 0 0 0 0 0 0.61599 0.6663 0.16856 0 0 0 0.0020318 0 0 0 0.040766 0.44995 0.26192 0 0.0040406 0 0 0 0 0 0.16315 0 0.35829 0 0 0.0067783 0 0 0 0 0 0 0 0 0.0050392 0 0 0 0 0
0 0 0 0 0.00072352 0 0 0 0 0 0.31739 0.5014 0.55118 0.38567 0 0 0 0 0 0 1 0.91027 0.80164 0.049518 0 0.026334 0 0 0 0 1 0.93216 0.83999 1 1 0 0 0 0 0 0.96692 0.98388 0.99416 0.70822 0.40636 0 0 0 0 0 0.94039 0.97533 0.93912 0.4667 0.64981 0 0 0 0 0 1 1 0.7295 0.7155 0.23416 0 0 0.0064728 0 0 0.01589 0.92513 0.99722 0.089461 0 0.0036092 0 0 0 0 0 0.17606 0 0 0.00058529 0 0.00099228 0 0 0 0 0.0037547 0 0 0 0 0 0 0 0
0 0 0.16472 0 0 0.0018847 0 0 0 0 0.27931 0.54763 0.25024 0.8785 0.1834 0 0.0011735 0 0 0 0.0027327 0.42765 0.73758 0.72166 0.062406 0 0 0 0.0023653 0 0.39331 0.73978 0.95067 0.69041 0.21775 1 0 0 0 0 0.77913 0.95029 0.98988 0.99243 0.55749 0.3007 0 0.0038947 0 0 0.76457 0.87379 0.96355 0.89365 0.45758 0.92992 0 0 0 0 0.59667 1 0.086934 0.91504 0.81928 0.23744 0.042978 0 0.0053298 0 0.35026 0.28128 0.3124 0.36318 0.18904 0 0.0011804 0 0 0 0.081196 0 0.0242 0 0.029952 0.0052386 0 0.0029695 0 0 0 0 0.0019548 0 0 0 0 0 0 0
0.0022467 0 0 0 0 0 0.0013089 0 0 0 0 0.38883 0.41305 0 0.54938 0.097592 0 0.0016502 0 0 0.22852 0.70967 0.95627 0.80302 0.95012 0.023963 0 0 0 0.0032606 0.91905 0.86216 0.81509 0.97443 1 0.90643 0.58549 0 0 0 0.51577 0.66705 0.97464 0.99169 0.95665 0.3617 0 0 0 0 0.015016 0.51424 0.80256 0.95378 0.95382 0.69642 0.79279 0 0 0 0.11317 0.22389 0.024063 0.54159 0.9848 0.65791 0 0 0 0.0078074 0 0.014541 0.11739 0 0.38284 0 0 0 0 0 0 0.016481 0 0.01756 0 0.16832 0.0052517 0 0 0 0 0 0 0.0084689 0 0 0 0.0041369 0 0
0 0.0013922 0.29314 0 0.062583 0 0.15533 0 0 0.0044841 0.00091936 0 0 0.095689 0 1 0 0 0.006589 0 0.060291 0 0.31606 0.65481 0.69593 0.81867 0.49424 0.017087 0.13869 0 0 0.65657 0.47057 0.92269 0.96621 0.90269 1 0.85617 0 0 0.12527 0 0.89413 0.95599 0.98609 0.96055 1 0 0.025578 0 0 0.31164 0.14355 1 0.99007 0.72546 0.83938 0.035439 0 0 0 0 0.59661 0.77169 0.11829 0.375 0.79932 0 0 0 0 0 0.19046 1 0 0.83995 0.26061 0 0.0013322 0 0 0 0 0 0.25264 0 0 0.00044707 0 0 0.013412 0 0 0 0.0028198 0 0 0 0.0048404 0
0.0061394 0 0 0 0 0.09853 0 0 0.00062172 0 0 0 0 0 0.84116 0.45177 1 0.23086 0 0.0029649 0 0.11233 0.35519 0.46007 0.44049 1 0.70989 0 0.019578 0.11023 0 0 0.93695 1 0.87854 0.98659 1 0.51826 0.95197 0 0 0.14227 0.16634 0.74943 1 0.9903 0.95892 0.85487 0.34915 0 0 0 1 0.40892 0.9729 0.9535 1 0.69564 0 0 0 0.096632 0 0.20512 0.85169 1 0.95812 0.44822 0.073456 0.072242 0 0.0045324 0 0.084796 0.63821 0.45272 0.89555 0 0 0 0 0 0.0064786 0.25292 0 0 0 0 0.00042402 0 0 0.0036043 0 0 0 0.0014592 0 0 0 0.0029178
0 0.0010224 0 0.0036751 0.12647 0 0.037906 0 0.13859 0 0 0 0 0 0.022347 0.76224 0.081114 0 0 0 0.00076794 0 0.06195 0.38733 0.025644 0.85813 0.28755 1 0 0.20149 0 0 0 0.50811 0.72292 0.85317 0.99244 1 0.49691 0.52666 0 0.0059175 0.086721 0.025259 0.71401 0.95734 0.99053 1 0.75529 0 0 0 0 0.32671 0.5862 0.80074 0.97909 0.88079 0.0071462 0.38042 0.0014179 0 0.16604 0 0.83035 0.65737 0.33645 1 0 0 0 0 0 0 0.14291 0.33359 0.20732 0.47243 0.31984 0 0 0.0095306 0 0 0 0 0.23434 0 0.15927 0.0038996 0 0 0.0043434 0 0 0 0.0039373 0 0 0
0 0 0 0 0 0 0 0 0 0.0047804 0 0 0 0.0017103 0 0 0.89834 0.45506 0.37901 0.27366 0 0.0062848 0 0 0.10021 0 0.5563 0.85748 1 0.089948 0 0 0 0 0.44312 0.91557 1 0.94522 0.79126 0.8546 0 0 0.0046499 0.050797 0 0.26962 1 0.98306 0.9601 0.37336 0 0 0 0 0 1 0.73166 0.96101 0.9889 1 0 0.00075729 0 0 0.088317 0.5262 0.6134 1 0 1 0 0 0 0 0 0.061913 0.62238 0 0.77683 0.16132 0 0 0.010919 0 0.0027211 0 0 0.031918 0 0.0022296 0 0 0 0.0065219 0 0 0 0 0 0
0 0 0 0 0 0 0.13274 0 0.054769 0 0 0 0 0 0 0 0.098794 0.19353 0.79455 1 0 0 0.0019644 0 0 0 0.11335 0.9469 0.70732 1 0 0 0 0 0 0.21051 0.93771 0.76907 0.95756 0.84522 0 0 0 0 0 0.011616 0.47356 0.99279 0.98748 0.9675 0 0 0 0 0 0.39723 0.74719 0.94349 0.97684 0.97828 0 0 0.0071437 0 0.03918 0.26094 0 1 0.56059 0 0 0 0 0 0.0036879 0 0.11364 0 0 0.4781 0 0 0 0.0036279 0 0.00092598 0.0042718 0 0 0 0 0 0 0 0.0042762 0 0 0 0.0028655 0
0 0 0 0 0.0039939 0 0.0019894 0 0 0.027214 0 0 0 0 0 0 0 0.15239 0.17088 0.64477 0 0 0 0.0017173 0 0.03627 0 0.062416 0.87255 0.70471 0 0 0 0 0 0 0.24585 0.39309 0.87932 0.94901 0 0 0 0 0.0041561 0 0 0.72588 0.98582 0.99186 0 0 0 0 0 0 0.12046 0.36189 0.87704 0.98405 0 0 0 0 0 0 0 0.039223 0.41582 1 0 0 0 0 0 0.0038681 0 0 0.019249 0.33542 0 0 0 0 0.0028962 0 0 0 0 0 0 0 0 0 0 0.003404 0 0 0 0.0035643
0 0 0 0 0.0035658 0 0 0 0 0 0 0 0.34464 0.00066301 0 8.8489e-005 0 0 0 0 0.62126 0.58595 0.080417 0 0 0 0 0 0 0 0.59212 0.88209 0.34699 0.09295 0 0 0 0 0 0 0.96626 1 0.86381 0 0 0 0 0 0 0 0.98389 0.99461 0.79279 0.22803 0.12296 0.0056389 0 0 0 0 0.97959 0.68297 0.15393 1 0 0 0 0 0 0 0.92488 0.68777 0.30082 0 0.076765 0 0.0067236 0 0 0 0.41215 0 0.23359 0 0.0081191 0 0 0 0 0 0 0 0 0.0022245 0 0.0061872 0 0 0 0
0 0.0020344 0 0 0 0.0036219 0 0 0 0 0 0.06133 0 0.041203 0 0 0.0070102 0 0 0 0.6092 0 0.32155 0.40876 0 0.0045297 0 0 0 0 0.62073 0.84693 1 0.35679 0.011214 0 0 0.0054576 0 0 0.84642 0.9629 1 0.74525 0 0 0 0 0 0 0.97319 0.98912 0.95789 0.50062 0.23526 0.12984 0.0026301 0 0 0 1 0.9549 0.87007 0.54799 0.40546 0 0 0 0 0 0.91316 0.55091 0.5803 0.12361 0.25071 0 0 0 0 0 0.18317 0.33938 1 0.23843 0 0.0015536 0 0 0 0 0 0 0 0.054092 0 0 0 0 0 0
0 0 0.0032262 0 0 0 0.0049563 0 0 0 0.026935 0 0 0 0.11975 0 0 0.0019489 0 0 0.21344 0 0.73883 0 0.08374 0 0.0025904 0 0 0 0.38297 0.10253 0.8224 0.30768 0.69411 0.09074 0.034201 0 0.0050093 0 0.30647 0.91689 0.92921 0.88124 0.68267 1 0 0 0 0 0.58401 0.95703 0.98711 0.96074 0.6689 0.052599 0.096311 0.0030837 0 0 0.54089 1 0.93453 0.85755 0.40998 0.0096068 0 0 0 0 0.13807 1 1 0.60794 0.6323 0.27287 0.090624 0 0.00179 0 0.25811 0.27963 0.10639 0.42123 0.3798 0 0.00039233 0 0 0 0.089225 0 0.1444 0 0 0.0082052 0 0.003705 0 0
0 0 0 0.0070783 0 0 0 0 0 0 0 0.032281 0 0.1032 0 0.11194 0.0068066 0 0 0 0 0.16047 0 0 0.83131 0.22868 0 0.0010738 0 0 0.093641 0 0.88245 0.25598 0.72004 0 0.25514 0 0 0.00055981 0.89915 0.91562 1 0.9767 1 0.5054 0.14651 0 0 0 0.56207 0.78111 0.97114 0.98793 0.95447 0.069165 0.74845 0.089284 0 0 1 0.59599 0.90777 0.94876 0.93519 0.6858 1 0 0 0 0.15037 0 0.75225 1 0.59642 0.054265 0.047135 0 0 0.0048985 0 0.0071343 0.96916 0.56245 0.91443 0 0 0.0006372 0 0 0.0023579 8.1667e-005 0 0.40163 0 0.043353 0 0 0.005924 0
0.0037813 0 0 0 0.00097158 0 0 0 0.004683 0 0 0.0027186 0 0 0.095739 0 0.17871 0.003165 0 0.0047929 0.0027723 0 0.1066 0.891 0.15462 0.48267 0 0 0.0020861 0 0 0.16903 0.59561 1 0.38256 0.55232 0.66585 0.098681 0 0 0 0.418 0.64684 0.86992 0.95733 0.98372 0.93348 0.46721 0 0 0 0 0.67812 0.95186 0.98299 0.96982 0.60364 0.64977 0.14609 0 0 1 1 1 0.98163 0.8722 0.79792 0 0 0 0.18213 0.11384 0 0.61787 1 0.78149 0.15867 0.26841 0.12767 0 0 0 0.1432 0.54416 0.50836 0 0.18476 0 0.0013664 0 0 0 0 0 0.10905 0 0.1372 0 0 0.0038393
0 0.00010243 0 0 0 0.00073859 0 0 0 0 0.0024504 0 0.0031898 0.01474 0 0.013544 0 0.11586 0 0 0 0.0004168 0 0.2293 0.1954 0 0.26008 0.14639 0 0.0011893 0 0 0.22025 0.35743 0.81119 0.58395 0.68047 0.17731 0 0 0 0 0.45285 1 0.87249 0.97005 1 0.84963 0.28866 0 0.0021351 0 0.082984 0.85498 0.9781 0.97747 0.97261 0.4987 0.042259 0.10164 0 0 0.24125 0.49436 0.88192 0.99222 0.93135 0.94597 0 0 0 0.1766 0 0.59983 0.67452 0.50871 1 0.20345 0.23401 0 0 0 0 0.1466 0.5547 0 0.318 0.16786 0 0.0033449 0 0 0.00053238 0.040951 0 0.062415 0 0.16368 0.0037412 0
0 0 0.0041474 0 0 0 0.0015471 0 0 0 0 0.00053598 0 0.0026784 0 0 0.14339 0 0.056722 0.0066872 0 0 0 0 0.14994 0.42312 0 0 0 0 0.00086484 0 0.049628 0 0.51778 0.59182 0.64064 0.75277 0.37021 0.19799 0 0 0 0.17369 0.75305 0.81403 0.92737 0.99205 1 0.84578 0 0 0.039775 0.29288 1 0.92127 0.98622 0.94612 0.29577 0 0 0 0 0.31798 0.62747 0.81188 1 0.7799 0.67305 1 0 0 0 0 0 0.93735 0.70411 0.3835 0.4496 0 0 0 0.003217 0 0.25544 0.20126 0 0.20399 0.11833 0 0 0.0049696 0 0 0.071549 0 0 0 0.1831 0.0054861
0 0 0 0 0 0 0 0.00080062 0 0 0 0 0.0028335 0 0.00066365 0.20697 0 0 0 0 0 0 0 0.011153 0 0.046389 1 0.33975 0 0.044415 0 0 0 0 0 0.26899 0.4127 0.6072 0.62761 0.44862 0 0 0 0 1 0.99509 0.89698 0.92874 0.89195 0.76457 0 0 0.0021247 0.41193 0.63987 0.38055 0.96232 0.98369 0.9466 0.036213 0 0 0 0 0.63229 0.97848 0.84012 0.97374 1 0.64049 0 0.0049399 0 0.040573 0.039114 0.094186 0.79586 1 0.3175 0.28261 0 0 0 0 0 0 0.2559 0.25432 0.024799 0.17391 0 0 0.0034035 0 0 0 0 0.043034 0 0.099614
0 0 0 0 0.0036251 0 0 0 0 0 0 0 0 0.0036364 0 0.00089095 0.047628 0 0.28016 0 0 0 0 0 0 0 0.24474 0.18114 0.42264 0.64723 0 0 0.0003447 0 0.043713 0 0.36445 0.75369 1 0.8833 0 0 0 0 0 0.8761 0.93427 0.76836 0.97644 0.76591 0 0 0 0.0072188 0.19973 0.09199 1 0.93202 0.98527 0.93013 0 0 0 0 0 0.60239 0.80181 1 0.92879 0.86849 0 0 0.0011969 0 0.050739 0.073244 0 0.76219 0.30832 0.58382 0 0 0 0 0 0 0 0.043516 0.32251 1 0 0 0 0.0065375 0 0.00098412 0.1653 0 0 0
0 0 0 0 0 0 0 0 0 0.001006 0 0 0 0 0.0064896 0 0.00066342 0.012142 0 0.1037 0 0 0 0 0 0.0022673 0 0 1 0.22862 0 0 0 0.00055089 0 0.13778 0.094118 0.74514 1 0.71353 0 0 0 0 0 0 0.10295 1 0.83921 0.94433 0 0 0 0 0.0031621 0.033962 0 0.90738 0.96488 0.98787 0 0 0 0 0 0 0 0.53183 0.9611 0.96453 0 0 0 0.00091137 0 0.18462 0.20728 0.25995 0.77442 0.0091886 0 0 0 0 0 0.00163 0 0.0039775 0 0 0 0 0 0 0.0066177 0 0.00073824 0.057628 0 0
0 0 0 0 0 0 0 0 0 0 0.0060519 0 0 0 0.0026788 0 0 0 0 0 0 0 0 0.0023138 0 0 0 0 0 0 0.65932 0.19677 0 0 0 0 0 0 0 0 0.67107 0.87506 0.5464 0 0.084439 0 0 0 0 0 0.96525 1 0.83366 0.17988 0 0 0 0 0 0 0.99057 0.98655 0.53513 0.53102 0.26727 0.002027 0 0 0 0 0.93862 0.81366 0.39011 0.033101 0 0 0 0 0 0 0.63377 0.64699 0.70669 0.33733 0 0 0.0049477 0 0 0 0.21233 0.23962 0.33597 0 0.00047484 0 0 0 0 0
0 0 0 0.0024866 0 0 0 0 0 0 0 0 0 0 0 0.0034509 0 0 0 0 0 0.059402 0 0.10695 0.00063739 0 0 0 0 0 0.0067191 0.66629 0.20412 0 0 0 0 0 0 0 0.68778 0.95093 0.4677 0.45344 0.10762 0.06143 0 0.00095085 0 0 0.78987 0.96484 0.81686 0.67447 0.3687 0 0 0 0 0 0.98577 0.98939 1 0.61051 0.36638 0.12491 0.00092858 0 0 0 0.98487 0.98184 0.87267 1 0.76507 0 0 0 0 0 0.67914 0.57014 1 0 0 0.071553 0 0.006902 0 0 0.41662 0.028159 0.68215 0.29889 0 0 0 0 0 0
0.0045266 0 0 0 0.00043969 0 0 0 0 0 0 0 0.0023944 0 0 0 0.0067489 0 0 0 0 0 0.30072 0 0 0.0034082 0 0.0069799 0 0 0.18838 0.56353 0.36886 0.53326 0 0 0.00058047 0 0 0 0 0.64266 0.51332 0.59415 0.4666 0 0.17938 0 0 0 1 0.7961 0.93711 1 0.95579 0 0 0 0 0 0.84903 0.95679 0.98886 0.95527 0.92713 0.47244 0.018571 0.0067212 0 0 0.57397 0.94333 0.9368 0.86226 0.7476 0 0 0 0 0 0.48116 1 0.52501 0.89097 0 0.1649 0 0 0.0033588 0 0.0028645 0.42379 0.51722 0.61615 0.073523 0 0 0 0 0
0 0.0052651 0 0 0 0.0036806 0 0 0 0 0 0 0 0.0020372 0 0 0 0.0045508 0 0 0.0037427 0.0048142 0 0.25612 0 0.01357 0.00074761 0 0.007913 0 0 0.3045 0.37297 0.43661 0.48098 0.085624 0 0.0054897 0 0 0.39005 0.43451 0.3517 0.63741 0.4792 0.22635 0.051911 0 0 0 0 0.62999 0.65525 0.99177 0.8584 1 1 0 0 0 0 0.52393 0.95434 0.98674 0.94204 0.51836 0 0 0.0019033 0 0.41681 1 1 1 0.9366 0.66953 0.73969 0 0 0 0.2603 0.34813 1 0.96991 0.51033 0.19425 0 0.077715 0 0.0022477 0 0.141 1 0.041849 0.56144 0.099387 0 0 0 0
0 0 0.00067668 0 0 0 0 0 0 0 0.010564 0 0 0 0.0026054 0 0 0 0.0090376 0 0 0 0 0 0 0 0 0.0077811 0 0 0.0013426 0 0.22573 0.38672 0 0.89775 0.14448 0 0 0 0.0078821 0 0.22473 0.3884 0.8161 0.92598 0.27764 0.151 0.040737 0 0 0.15747 0.26062 0.93843 0.98239 0.85722 0.58004 0.79267 0 0 0 0.73534 1 0.98272 0.98723 0.97509 0.76667 0 0 0.0048596 0 0.16727 0.63942 0.8036 0.98735 0.90489 0.22587 0.45716 0 0 0.020605 0 0.13512 0.86855 1 0.73705 0.020408 0.0065089 0.037777 0 0.0044696 0 0 0 0 0.35341 0.043145 0 0.0027211 0
0 0 0 0.0028265 0 0 0 0.0039448 0 0 0 0.0040765 0 0 0 0 0 0 0 0.00066912 0.0095483 0 0.0042616 0 0 0 0 0.029534 0 0 0 0.00024963 0 0.33912 1 0.33016 0.87734 0.14547 0 0.0016979 0 0 0.035405 0.26975 0.782 0.9055 1 0 0.22915 0.098568 0 0 0.35184 1 0.78331 0.95542 0.99135 0.75044 0 0 0 0.19601 0 0.56399 0.97789 0.99139 0.97195 0.69427 0.54327 0.011958 0 0 0.76422 1 0.80383 0.9581 0.96452 0.75474 0.68508 0 0 0 0 0.30233 1 0.24583 0.87847 0 0.10576 0.03349 0 0 0 0.10153 0 0.037475 0.74084 0.21558 0 8.5683e-005
0 0 0 0 0 0 0 0 0 0 0 0 0.0068735 0 0 0 0.00081209 0 0 0 0 0.0018601 0 0 0.044976 0 0.10873 0 0 0.0010766 0 0 0 0 0.067881 0.16096 0.064233 0.72382 0.30571 0 0.0020758 0 0.18151 0 0 0.054122 0.8137 1 0.37836 0.2682 0 0 0 0.91908 0.56106 1 0.97316 0.94665 0.37325 0 0 0 0.10707 0 0.86895 0.98865 0.98357 0.93956 0.94958 0.27067 0 0 0 0 0.58599 1 0.96362 0.80569 0.91065 0.12611 0.0035021 0 0.15661 0.15095 0 1 1 0.2251 0 0.15291 0 0 0 0 0.16496 0.27398 0.22921 0 0.23877 0
0 0 0 0 0 0.0046714 0 0 0 0 0 0 0 0.0018665 0 0 0 0 0 0 0 0 0 0 0 0.065822 0 0.17947 0 0 0 0 0 0.003087 0 0.16419 0 0.43131 0.11011 0.035813 0 0.0011357 0 0.14107 0 0 0.41086 0.20247 0 0.19592 0 0 0 0 0.27005 0.58905 0.75703 0.93349 0.9346 0.13376 0 0 0.0040789 0.32867 0.12566 0.68378 0.9551 0.98418 0.97544 0.5317 0 0 0 0 0.81032 0.38197 0.80685 0.97224 0.92196 0.77709 0 0.0041022 0 0.17697 0.28798 0.3492 0.18594 0.44564 1 0 0 0 0 0.0023763 0 0.25665 0.44311 0 1 0
0 0 0 0 0 0 0.0054069 0 0 0 0 0 0 0 0 0 0 0 0.00064331 0 0 0 0 0 0 0 0 0 0.19047 0 0 0 0 0 0.0017176 0 0.019401 0.44242 0.33976 0.53185 0 0 0.0028506 0 0.081756 0.14596 0 0.8065 0.46322 0.45247 0 0 0 0 0 0.32193 0.022504 1 0.94374 0.94857 0 0 0 0 0 0 0.42941 0.93809 0.99068 0.95104 0 0 0 0 0 0 0.88636 1 0.97655 0.80335 0 0 0 0 0.20383 0.18455 0.20206 1 0.65658 0.77591 0 0 0 0 0 0 0.012837 0.53937 0.070071 0.94955
0 0 0 0 0 0 0 0.0032645 0 0 0 0 0 0 0 0.0045548 0 0 0 0.0001245 0 0 0 0 0.0048535 0 0.0013481 0.046059 0 0 0 0 0 0 0 0 0 0.28002 0.38611 0.21305 0 0 0 0.0076889 0 0 0.18351 0.26146 0.34347 0.46658 0 0 0 0 0 0 0.20756 1 0.94462 0.96532 0 0 0 0 0.0015227 0.19383 0.51444 0.31439 0.98491 0.9874 0 0 0 0 0 0 0.50486 0.46848 0.80872 0.981 0 0 0 0.0074289 0 0 0 0.26115 0.1686 0.71488 0 0 0 0 0 0 0 0 0.042251 0
0 0 0 0 0 0 0 0 0 0 0 0 0.0016385 0 0 0 0 0 0 0 0 0 0 0 0 0 0 0 0 0 0.18064 0 0 0 0 0.0043767 0 0 0 0 0.21667 0.17509 0.028648 0 0 0 0 0 0 0 0.31387 0.76888 0 0.062617 0 0 0 0 0 0 0.95805 0.76153 0.30632 0 0 0 0 0 0 0 0.98685 0.99421 0.93503 0.39897 0.10467 0.0022312 0 0 0 0 0.96536 0.81132 0.53424 0.0033792 0 0 0 0 0 0 0.68758 0.88804 0.10732 0 0.037346 0 0.0018767 0 0 0
0 0 0 0 0 0 0 0 0 0 0 0 0 0 0 0 0 0 0 0 0 0 0 0 0 0.0061497 0 0 0 0 0 0.031238 0 0 0 0 0.0015889 0 0 0 0 0.27647 0.33471 0.09392 0 0 0 0 0 0 0.41081 0.92231 0.9268 0.28832 0.097723 0.13583 0 0 0 0 0.91965 1 0.99039 1 0.67484 0 0 0 0 0 1 0.98127 1 0.44094 0.0052502 0.19025 0 0 0 0 1 0.96741 0.93599 0.62212 0.72426 0 0 0 0 0 0.83466 0.64759 0.3441 0.24148 0 0 0 0 0 0
0 0 0 0 0 0 0 0 0 0 0.0023095 0 0 0 0.00048379 0 0 0 0 0 0 0 0 0 0 0 0.00011827 0 0 0 0 0 0.10041 0 0.080215 0 0 0.0054662 0 0 0 0.25138 0 0.4287 0.37493 0 0.00016691 0 0 0 0.14472 0.9306 0.60129 0.1096 0.058433 0.048261 0.066477 0 0.010864 0 1 0.90253 0.96911 0.77871 0.5634 0.39985 0 0 0 0 0.53904 0.98644 0.98223 0.98881 1 0 0.0043167 0 0 0 0.69537 0.95057 0.93697 0.93125 0.0012876 0.36824 0 0 0 0 0.46884 1 0.43947 0.87584 0.22658 0 0 0 0.0046578 0
0 0 0 0 0 0 0 0 0 0 0 0 0 0 0 0.0015594 0 0 0 0 0 0 0 0 0 0 0 0 0 0 0 0.091766 0 0.2079 0 0.035598 0.0041557 0 0 0 0 0.060681 0.51669 0.50698 0.76541 0.36775 0 0.0004807 0 0 0.071208 0 0.30184 0.82943 0.9513 0.0033152 0.12173 0 0 0 0.31369 1 1 0.96215 1 0.84087 0.29251 0 0 0 0.34172 0.62845 0.93103 0.98688 0.97584 0.94133 0.25275 0.2452 0.003701 0 0.50961 0.26673 0.928 0.9624 0.78277 0.76459 0.90731 0 0 0 0.17267 0.076028 0.50561 1 0.49993 0.1198 0.11817 0 0 0.0020686
0 0 0 0 0 0 0 0 0 0 0 0 0.0013696 0 0 0 0.00091032 0 0 0 0.00074639 0 0 0 0 0 0 0 0.0067396 0 0 0.00091232 0.10923 0 0.016562 0 0 0.0081529 0 0.0010262 0.0040544 0 0 0.19191 0.18227 0.76901 0.029141 0 0.0013271 0 0.0058952 0 0.44771 0.21721 0.64126 0.75717 0.044073 0.050043 0 0 0 0.58792 0.47027 1 0.95431 1 1 0 0 0 0.044568 0 0.024961 0.96724 0.98639 0.98165 0.9274 0 0.019541 0.00063972 0 0.58671 0.37489 1 0.98346 0.74733 0.59103 0 0 0 0.059874 0.093203 0.70996 0.84346 0.38813 0.64294 0 0.12742 0.063379 0
0 0 0 0 0 0 0 0 0 0 0 0 0 0.00098117 0 0 0 0 0 0 0 0.0044675 0 0 0 0 0 0 0 0.00079068 0.0057002 0 0.00012211 0.1534 0 0.00063788 0 0 0.0034311 0 0 0.00049955 0 0 0.11343 0.21426 0.70629 0 0 0.0092121 0 0.0589 0.11319 0.32852 0.94435 0.4967 0.90324 0.17227 0 0 0 0 0.99457 0.19335 1 0.96273 0.95547 0.71506 0.99894 0 0 0.39845 0.0082018 0.32439 0.9524 0.99625 0.96896 0.72761 0 0.22722 0 0 0.65317 0.90929 0.95213 0.97385 1 0.55328 0.015836 0 0 0.076602 0.082769 0.27667 0.38983 0.50699 0.34658 0.10994 0.12852 0.064621
0 0 0 0 0 0 0 0 0 0 0 0 0 0 0 0 0 0 0.0049836 0 0 0 0.0054034 0 0 0 0.0013648 0 0 0 0 0 0 0.0042432 0 0 0.15359 0 0.097808 0.003908 0 0 0.0076815 0 0 0 0.14108 1 0.17725 0 0 0 0.19455 0.32895 0.1672 0.44164 0.65844 1 0.54968 0.12161 0 0 0 0.91522 1 1 0.95648 1 0.022687 0.41397 0 0.0053736 0 0.33336 0.33565 0.98288 0.98625 1 0.70646 0.24628 0 0 0 0.055399 0.6453 0.82068 0.93704 0.8476 0.75245 0 6.2471e-005 0 0 0 0.45983 0.78814 0.57341 1 0.29411 0.043259
0 0 0 0 0 0 0 0 0 0 0 0 0 0 0 0.00081504 0 0 0 0 0 0 0 0 0 0 0 0 0 0 0 0 0.0097934 0 0.0038527 0.30025 0 0.5145 0 0.015339 0 0 0 0 0 0.23203 1 0.40045 0.10799 0.038596 0 0.0021531 0 0.038831 0 0.021588 1 0.54587 1 0 0 0 0 0 0.41875 0.99435 1 0.97508 0.81922 1 0 0 0.0021245 0.055797 0.059235 0.3902 1 0.98979 0.98992 0.32958 0 0 0 0 0.44046 0.51169 0.91652 0.97465 0.88713 0.50873 0 0 0 0 0.071801 0.17145 0.77943 0.53565 0.38637 0.30982
0 0 0 0 0 0 0 0 0 0 0 0 0 0 0 0 0.0074565 0 0 0 0 0 0 0 0.0097175 0 0 0 0 0 0 0 0 0.00040682 0 0.0039382 0 0 0.25456 0 0 0 0 0 0.0031741 0 0 0.45612 0.34845 0.3128 0 0 0.0029021 0 0.054077 0.16392 0.37053 0.45962 0.12522 0.4241 0 0 0 0 0 0.3727 0.8152 1 0.95524 0.75699 0 0 0 0 0 0.013982 0.49769 0.95087 0.98916 1 0 0 0 0 0 0.68307 0.22617 0.87146 0.96354 0.8177 0 0 0 0 0.012241 0 0.66148 0.72346 0.72794 0.24147
0 0 0 0 0 0 0 0 0 0 0 0 0 0 0 0 0 0 0 0 0 0 0 0 0 0.0049164 0 0 0 0 0 0 0 0 0.0056545 0 0 0 0 0 0 0 0 0 0 0.0011927 0 0.16421 0.050805 0 0 0 0 0 0 0 0 0.1742 0.41828 1 0 0 0 0 0 0 0.77209 1 0.90089 0.93077 0 0 0 0 0 0.031486 0.053218 0.46376 0.96266 0.98434 0 0 0 0 0 0 1 1 0.98825 0.97202 0 0 0 0.003996 0 0.068004 0.12356 0 0.90251 0.78551
0 0 0 0 0 0 0 0 0 0 0 0 0 0 0 0 0 0 0 0 0 0 0 0 0 0 0 0 0 0 0 0 0 0 0.00042576 0 0 0 0 0 0 0 0 0.0019923 0 0.0015796 0 0 0 0 0.18344 1 0 0 0.0011174 0 0 0 0 0 0.4971 0.80761 0.69147 0.15639 0.052715 0 0.0047214 0 0 0 0.96761 0.87332 0.7151 0 0 0 0 0 0 0 0.99362 0.98974 0.81266 0.36826 0 0.0023018 0 0 0 0 0.9492 1 0.17005 0.11145 0 0 0 0 0 0
0 0 0 0 0 0 0 0 0 0 0 0 0 0 0 0 0 0 0 0 0 0 0 0.0011207 0 0 0 0 0 0 0 0 0 0 0 0.0037101 0 0 0 0 0 0 0 0 0 0 0.0031451 0 0 0 0.18041 0.78197 0.29534 0.29446 0 0.0030836 0 0 0 0 0.77474 0.75227 0.53433 0.40959 0.40662 0.057326 0 0.00036398 0 0 0.86235 0.96956 0.97569 0.38785 0.66543 0 0 0 0 0 0.95061 0.98636 0.98389 0.57089 0.82008 0 0 0 0 0 0.97811 0.98595 1 1 0.30307 0 0 0 0 0
0 0 0 0 0 0 0 0 0 0 0 0 0 0 0 0 0 0 0 0 0 0 0 0 0.0071638 0 0 0 0 0 0 0 0.00015837 0 0 0 0.0012088 0 0 0 0.052748 0 0.084905 0 0.074793 0.00067022 0 0.0090514 0 0 0.079866 0.4497 0.36649 1 0.011176 0 0 0 0 0 0.38158 0.97794 0.64619 1 0.053285 0 0.032095 0 0.0028549 0 1 0.90818 0.96908 0.9193 0.58189 0.77796 0 0 0 0 0.95167 0.94618 0.98987 0.95639 1 0 0.21208 0.0019646 0 0 0.81863 0.98114 0.95533 0.98194 0.64472 0.76153 0 0 0 0
0 0 0 0 0 0 0 0 0 0 0 0 0 0 0 0 0 0 0 0 0 5.9245e-005 0 0 0 0.0065083 0 0 0 0 0 0 0 0.0015321 0 0 0 0.0085828 0 0 0.0014162 0.044178 0 0.1147 0 0.11605 0 0 0 0 0 0 0 0 0.71284 0.055565 0 6.2144e-005 0 0 0.10269 0.16233 0.694 0.60829 0.80412 0.44579 0 0.084071 0 0 0.36802 0.60045 0.90069 0.95485 0.95727 0.20711 1 0 0 0 0.20595 0.87843 0.96396 0.98763 0.95258 0.38546 0 0.47436 0.0012177 0 0 0.88127 0.97971 0.97328 0.8065 0.61425 0.22255 0 0 0
0 0 0 0 0 0 0 0 0 0 0 0 0 0 0 0 0 0 0 0 0 0 0.0063203 0 0 0 0 0 0 0 0.0032851 0 0 0 0 0 0 0 0.0012531 0 0 0.0087615 0.061802 0 0.23525 0 0.17244 0.0054268 0 0 0.0046586 0 0.28417 1 0.64393 0.77249 0.071922 0 0.00055533 0 0.06988 0.045164 0.10911 0.7859 0.31594 1 0.81636 0.035861 0.15813 0 0 0.30053 0.062147 0.96852 0.96284 1 0.95443 0.089206 0 0 0 0 0.67153 0.94474 0.99111 0.9461 0.14341 0.21604 0.096202 0.004737 0 0.4298 1 0.83801 1 0.94661 1 0.054677 0 0
0 0 0 0 0 0 0 0 0 0 0 0 0 0 0 0 0 0 0 0 0 0 0 0.0076353 0 0 0 0.0035194 0 0 0 0 0 0 0 0 0 0 0 0 0 0 0.0020141 0 0 0.0056306 0 0.078497 0 0 0 0 0 0.038798 0.29619 0 0.27091 0.093467 0 0.0046495 0 0.094799 0.12012 0.59861 1 0.719 0.60764 0.8191 0.021599 0 0 0 1 0.028412 0.77961 0.97034 1 0.73484 0.82262 0 0.0048817 0.026361 0.71595 0.74871 0.95783 0.98776 0.98388 1 0.35507 0 0 0 1 0.073674 0.94874 0.97023 1 0.48032 1 0
0 0 0 0 0 0 0 0 0 0 0 0 0 0 0 0 0 0 0 0 0 0 0 0 0 0 0 0 0 0 0 0 0.0012972 0 0 0 0.00066341 0 0 0 0 0.0054688 0 0 0 0 0 0 0 0.0036265 0 0 0.011773 0 0.067473 0.42618 0 0.56605 0.10305 0 0.0015668 0 0.08506 0.057269 0 0.92423 0.95148 0.17743 0.87705 0.032343 0 0 0 0.82606 0.98073 0.88284 0.97034 0.95336 0.64551 0 0 0.0036163 0.091463 0 0.64141 0.97859 0.98829 0.97863 0.49234 0.31184 0 0 0 0.54866 0.53331 1 1 1 0.74958 0
0 0 0 0 0 0 0 0 0 0 0 0 0 0 0 0 0 0 0 0 0 0 0 0 0 0.006682 0 0 0 0 0 0 0 0 0 0 0 0.0022843 0 0 0 0 0.0025974 0 0.0038913 0 0 0.0784 0 0 0 0 0 0.0008549 0 0.22057 0 0.38094 0.69456 0 0 0 0 0 0.024694 0 0.19363 1 0.79474 0.20317 0 0 0 0 0 0.80141 0.98345 0.95371 0.81434 1 0 0 0.0047781 0.062499 0 1 0.96672 0.99112 0.96462 0.78514 0 0 0 0 0.54848 1 1 1 0.81304 1
0 0 0 0 0 0 0 0 0 0 0 0 0 0 0 0 0 0 0 0 0 0 0 0 0 0 0.0019939 0 0 0 0 0 0 0 0.0011623 0 0 0 0.0016096 0 0 0 0 0 0 0.0014182 0.014108 0 0.12542 0 0 0 0 0 0 0 0.1178 0.06682 0 0.61808 0 0 0.0019257 0 0 0.032925 0.00503 0.54519 1 1 0 0 0 0 0 0.30573 0.68596 1 0.95933 0.86054 0 0 0 0.0028094 0.15109 0.53826 0.21633 0.94074 0.98458 0.96967 0 0 0 0 0 0.41431 0.64437 0.90209 0.99095 0.82124
0 0 0 0 0 0 0 0 0 0 0 0 0 0 0 0 0 0 0 0 0 0 0 0 0 0 0 0 0 0 0 0 0 0 0 0 0 0 0 0 0 0 0 0 0 0 0 0 0 0.12223 0 0 0 0 0 0.0024666 0 0.10389 0.28973 0.57145 0 0 0 0.0029869 0 0.078521 0.14597 0.24097 1 0 0 0 0 0 0 0 0.94333 0.8068 0.87659 0.99234 0 0 0 0 0.003171 0.18047 0.062656 0.82061 0.96386 0.98442 0 0 0 0 0 0 0.64685 0.64896 1 1
0 0 0 0 0 0 0 0 0 0 0 0 0 0 0 0 0 0 0 0 0 0 0 0 0 0 0 0 0 0 0 0 0.00090783 0 0 0 0 0 0 0 0.0015645 0 0 0 0.002061 0 0 0 0 0 0.027719 0 0 0.00077071 0 0 0 0 0 0 0 0.066639 0.18278 0 0 0 0 0 0 0 0.7991 0.25313 0.12934 0 0 0 0.0026 0 0 0 0.93331 0.88017 0.12933 0.014132 0 0 0 0 0 0 0.98605 0.99494 0.82607 0.52579 0.47493 0.0037618 0 0 0 0
0 0 0 0 0 0 0 0 0 0 0 0 0 0 0 0 0 0 0 0 0 0 0 0 0 0 0 0 0 0 0 0 0 0.0022985 0 0 0 0 0 0 0 0.001853 0 0 0 0.0031405 0 0 0 0 0 0.25792 0 0.053037 0.00077561 0 0.0063576 0 0 0 0.02595 0 0.31462 0.37044 0 0.0015588 0 0 0 0 0.95035 0.71556 0.61873 0.36474 0.10478 0 0 0.011336 0 0 1 1 0.86494 0.69602 0.72541 0 0 0 0 0 0.9949 0.98665 0.97373 1 0.46587 0 0 0 0 0
0 0 0 0 0 0 0 0 0 0 0 0 0 0 0 0 0 0 0 0 0 0 0 0 0 0 0 0 0 0 0 0 0 0 0 0 0 0 0 0 0 0 0.002593 0 0 0 0 0 0 0 0.072387 0 0 0 0 0 0 0 0 0 0 0.47683 0 0.74257 0.27358 0 0.0021335 0 0 0 0.39553 1 1 0.61365 0.33163 0.039556 0.22826 0 0 0 0.77679 0.94904 0.99664 0.6924 1 0.15474 0 0 0 0 0.53028 0.95555 0.98641 0.93679 0.076157 0 0 0 0 0
0 0 0 0 0 0 0 0 0 0 0 0 0 0 0 0 0 0 0 0 0 0 0 0 0 0 0 0 0 0 0 0 0 0 0 0 0 0 0 0 0 0 0 0.0016816 0 0 0 0.0043144 0 0 0 0 0 0.0034855 0 0 0 0 0.0045875 0 0 0.21552 0 0.31393 0.18715 0.10419 0 0 0 0 0 0.3352 0.41039 0.93299 0.86108 0.58378 0.17025 0.15662 0 0 0.7585 0.42523 0.79553 0.95602 0.8717 0.84755 0.16009 0 0 0 0 0.33244 0.98712 0.99147 0.93879 0.68966 0 0.039438 0 0
0 0 0 0 0 0 0 0 0 0 0 0 0 0 0 0 0 0 0 0 0 0 0 0 0 0 0 0 0 0 0 0 0.0059555 0 0 0 0.0046121 0 0 0 0 0 0 0 0.004209 0 0 0 0.0053391 0 0 0 0 0 0.13482 0 0 0.0015819 0 0.0084057 0 0 0.13887 0 0.86838 1 0.12924 0 0.002425 0 0 0.15834 0 0.66875 0.40348 1 0.45826 0.069332 0.1973 0 0 0.75033 0.49365 0.97689 0.94263 0.87812 0.72972 0.90468 0 0 0.029263 0 0.38734 0.95796 0.98079 0.95874 0.93855 0.30282 0.37077 0.0022176
0 0 0 0 0 0 0 0 0 0 0 0 0 0 0 0 0 0 0 0 0 0 0 0 0 0 0 0 0 0 0 0 0 0 0 0 0 0.0020006 0 0 0 0.0029934 0 0 0 0 0 0 0 0.0069453 0.0034218 0 0.00091866 0.086869 0 0.23375 0 0 0 0 0 9.8913e-008 0 0.2123 0.91278 0.29611 0.71332 0.48387 0 0.0047686 0 0.051746 0.32809 0.18877 0.8667 0.4612 1 0.012065 0 0 0 0 0.84521 0.43358 0.99802 0.94864 1 0.48658 0.49925 0 0.00092736 0 0 0.60036 0.96196 0.98511 0.95573 0.47467 0.084828 0.020068
0 0 0 0 0 0 0 0 0 0 0 0 0 0 0 0 0 0 0 0 0 0 0 0 0 0 0 0 0 0 0 0 0 0 0 0 0 0 0.00033745 0 0 0 0 0 0 0 0 0 0 0 0 0.0048124 0 0.0045476 0.05645 0 0 0 0.29432 0.0014773 0 0 0 0 0.16013 0.82493 0 0.32979 0.23277 0 0.0022667 0 0 0.040782 0 0.57967 0.69259 0.44347 0.48121 0 0 0 0 0.19706 0.78387 1 0.98984 0.87414 0.69537 0.24874 0 0.0052696 0 0 0.81859 0.92639 0.99271 0.97588 0.26116 0
0 0 0 0 0 0 0 0 0 0 0 0 0 0 0 0 0 0 0 0 0 0 0 0 0 0 0 0 0 0 0 0 0 0 0 0.0066168 0 0 0 0.009476 0 0 0 0.00034582 0 0 0 0 0 0 0 0 0.0025707 0 0.0039021 0.16476 0 0.42331 0 0.029472 0 0 0 0.0065938 0 0.057835 0.42368 0.28066 0.4307 0.06637 0 0 0 0 0.0091592 0 0.66633 0.82625 0.48292 0.36049 0 0 0 0 0 0.44761 0.91327 0.9917 0.78051 1 0 0 0.0021154 0.027316 0 0.46587 0.99613 0.98424 0.94033 0.68934
0 0 0 0 0 0 0 0 0 0 0 0 0 0 0 0 0 0 0 0 0 0 0 0 0 0 0 0 0 0 0 0 0 0 0 0 0.001919 0 0 0 0 0 0 0 0 0 0 0 0 0 0 0 0 0.0035596 0 0.0011 0 0 0 0 0 0 0 0 0.001434 0 0.068536 0.22807 0.43894 0.38848 0 0 0 0 0.090285 0 0.5895 0.66073 0.9739 0.6095 0 0 0 0 0 0 0.81447 1 0.96362 0.97001 0 0 0 0.0050445 0.0013257 0.12959 0.69969 0.97759 0.98496 0.9446
0 0 0 0 0 0 0 0 0 0 0 0 0 0 0 0 0 0 0 0 0 0 0 0 0 0 0 0 0 0 0 0 0 0 0 0 0 0.0053341 0 0 0 0 0 0 0 0.0019675 0 0 0 0.0033267 0 0 0 0 0.0042801 0 0.00042009 0.034024 0 0.088443 0 0 0 0 0 0 0 0.2874 0.738 0.39678 0 0 0 0.0026806 0 0 0.1471 1 0.34033 0.41085 0 0 0 0 0 0 0.60366 0.98759 0.8864 1 0 0 0 0 0.0040038 0.060792 0.25928 0.91845 0.97958 0.98654
