0.98486 0.1954 0.044057 0 0 0 0 0.73747 0.58985 0 0 0 0 0 0.015448 0 0.0060217 0 0 0 0 0 0 0 0 0 0 0 0 0 0 0 0 0 0 0 0 0 0 0 0 0 0 0 0 0 0 0 0
0.73029 0.98276 0.9546 0.085857 0 0 0 0.61194 0.41399 0.44545 0 0 0 0 0 0.07716 0 0.0046508 0 0 0 0 0 0 0 0 0 0 0 0 0 0 0 0 0 0 0 0 0 0 0 0 0 0 0 0 0 0 0
0 0.66156 0.98212 0.016685 0.13817 0 0 0 0.46251 0.41571 0.059198 0 0 0 0.007678 0 0 0 0 0 0 0 0 0 0 0 0 0 0 0 0 0 0 0 0 0 0 0 0 0 0 0 0 0 0 0 0 0 0
0 0 0.34999 0.98599 0.72826 0.083403 0 0 0 0.42054 1 0.20104 0 0 0 0.0018131 0 0.08888 0 0.0008351 0 0 0 0 0 0 0 0 0 0 0 0 0 0 0 0 0 0 0 0 0 0 0 0 0 0 0 0 0
0 0 0.16046 0.37833 0.98874 0.54975 0.090605 0 0 0 0.24826 0.90385 0.31991 0 0 0 0 0 0.017981 0 0.0055213 0 0 0 0 0 0 0 0 0 0 0 0 0 0 0 0 0 0 0 0 0 0 0 0 0 0 0 0
0 0 0 0.10473 0 0.99002 0.82289 0 0 0 0 0 0.19606 0.16063 0 0 0 0.0060459 0 0.029124 0 0 0 0 0 0 0 0 0 0 0 0 0 0 0 0 0 0 0 0 0 0 0 0 0 0 0 0 0
0 0 0 0 0.098166 1 0.98317 0 0 0 0 0 0.67684 0.51145 0 0 0 0 0.00054355 0 0.19525 0 0 0 0 0 0 0 0 0 0 0 0 0 0 0 0 0 0 0 0 0 0 0 0 0 0 0 0
0.87631 0.31602 0 0 0 0 0 0.98803 1 0 0 0 0 0 0.72032 0 0 0 0 0 0 0 0 0.0082793 0 0 0 0 0 0 0 0 0 0 0 0 0 0 0 0 0 0 0 0 0 0 0 0 0
0.61723 0.1815 0.54845 0 0 0 0 0.39903 0.98617 0.84297 0.18047 0 0 0 0.79717 0.82684 0.73323 0 0 0 0 0 0.19822 0 0 0 0 0 0 0 0 0 0 0 0 0 0 0 0 0 0 0 0 0 0 0 0 0 0
0 0.40894 0.42467 0.052186 0 0 0 0.010263 0.69419 0.986 0.8061 0 0 0 0 0.54898 0.43051 0.39276 0 0 0 0.00070261 0 0 0 0.0010806 0 0 0 0 0 0 0 0 0 0 0 0 0 0 0 0 0 0 0 0 0 0 0
0 0 0 0.59877 0.18206 0 0 0 0 0.72851 0.98118 0.95389 0 0 0 0 0.42166 1 1 0 0 0 0 0 0 0 0.0088163 0 0 0 0 0 0 0 0 0 0 0 0 0 0 0 0 0 0 0 0 0 0
0 0 0 0.43261 0.93414 0.48834 0 0 0 0 0.32941 0.98885 0.28629 0 0 0 0 0.33809 0.31924 0.083644 0 0 0 0 0 0.06639 0 0.0022675 0 0 0 0 0 0 0 0 0 0 0 0 0 0 0 0 0 0 0 0 0
0 0 0 0 1 0.84646 0 0 0 0 0 0.98947 0.99057 1 0 0 0 0 0.0063433 0.81718 0.77121 0 0 0 0.0016408 0 0.17948 0 0 0 0 0 0 0 0 0 0 0 0 0 0 0 0 0 0 0 0 0 0
0 0 0 0 0 0.6073 0.80967 0 0 0 0 0.083392 0.94937 0.98612 0 0 0 0 0 0.55083 1 0 0 0 0 0.0079589 0 0 0 0 0 0 0 0 0 0 0 0 0 0 0 0 0 0 0 0 0 0 0
0.14682 0 0 0 0 0 0 0.4638 0.14035 0 0 0 0 0 0.98507 0.47296 0.061714 0 0 0 0 1 0.35226 0 0 0 0 0 0 0 0 0 0 0 0 0 0 0 0 0 0 0 0 0 0 0 0 0 0
0 0.04248 0 0.001883 0 0 0 0.82089 0.8107 0.76806 0 0 0 0 0.43564 0.98638 0.86799 0 0 0 0 0.62474 0.31485 0.61338 0 0 0 0 0 0.076205 0 0.0048151 0 0 0 0 0 0 0 0 0 0 0 0 0 0 0 0 0
0 0 0 0 0.002866 0 0 0 0.21101 0.45154 0.55708 0 0 0 0.088179 0.86437 0.98918 0.5196 0.10471 0 0 0 0.57212 0.50582 0.13155 0 0 0 0.0012289 0 0 0 0.0032939 0 0 0 0 0 0 0 0 0 0 0 0 0 0 0 0
0 0.00058879 0 0.12392 0 0.0049811 0 0 0 1 0.21396 0.91556 0 0 0 0.1198 0.76234 0.98307 0.71273 0 0 0 0 0.68431 0.61176 0.4793 0 0 0 0.010161 0 0.067415 0 0.0043703 0 0 0 0 0 0 0 0 0 0 0 0 0 0 0
0 0 0.0052709 0 0.014449 0 0.0028472 0 0 0 0.50391 0.67602 0.69163 0 0 0 0 1 0.98803 0.93826 0 0 0 0 0.4529 0.21239 0 0 0 0 0 0 0 0 0.0049277 0 0 0 0 0 0 0 0 0 0 0 0 0 0
0 0 0 0.0057582 0 0.10786 0 0 0 0 0 0.49928 0.37273 0.16913 0 0 0 0 0.58957 0.99 1 0 0 0 0 0 0.61074 0.44481 0 0 0 0.0039454 0 0 0 0 0 0 0 0 0 0 0 0 0 0 0 0 0
0 0 0 0 0 0 0 0 0 0 0 0 0.40091 0.50454 0 0 0 0 0.21473 0.85902 0.98903 0 0 0 0 0 0.22325 0.84932 0 0 0 0 0 0 0 0 0 0 0 0 0 0 0 0 0 0 0 0 0
0 0 0 0 0 0 0 0 0 0.0028533 0 0 0 0 0.74233 0.075508 0 0 0 0 0 0.98865 1 0.27808 0 0 0 0 0.93762 0.43263 0 0 0 0 0 0 0 0.0081264 0 0 0 0 0 0 0 0 0 0 0
0 0 0 0 0 0 0 0 0.1777 0 0 0 0 0 0.64012 0.94353 0.81025 0 0 0 0 0.82245 0.99254 0.7898 0.10148 0 0 0 0.57597 0.46727 0 0 0 0 0 0 0.055183 0 0 0 0 0 0 0 0 0 0 0 0
0 0 0 0 0 0 0 0.0058934 0 0.17705 0 0.0025398 0 0 0 0.42065 0.98303 0.12191 0 0 0 0 1 0.98546 0.22833 0 0 0 0 0 1 0.3944 0 0 0 0 0 0 0 0 0 0 0 0 0 0 0 0 0
0 0 0 0 0 0 0 0 0 0 0.08101 0 0 0 0 0 0.81304 0.53609 0.72839 0 0 0 0.044422 0.75552 0.98616 0.41892 0 0 0 0 1 0.47903 0.72215 0 0 0 0.0025747 0 0.042381 0 0.0037538 0 0 0 0 0 0 0 0
0 0 0 0 0 0 0 0 0 0.0001231 0 0 0 0 0 0 0 0 0.98308 0.63131 0 0 0 0 0.98897 0.99038 0.91667 0.33333 0 0 0 0.22622 0.12121 0.40862 0 0 0 0.0010347 0 0.19982 0 0 0 0 0 0 0 0 0
0 0 0 0 0 0 0 0 0 0 7.3802e-005 0 0 0 0 0 0 0 0.66999 0.88669 0.89185 0 0 0 0.044647 0.53103 0.98367 0.55182 0 0 0 0 0.72592 0.23563 0.29738 0 0 0 0.0030497 0 0 0 0 0 0 0 0 0 0
0 0 0 0 0 0 0 0 0 0 0 0.0037948 0 0.17746 0 0 0 0 0 1 0.8277 0 0 0 0 0.10972 1 0.98862 0 0 0 0 0 0.61645 1 0 0 0 0 0.0047481 0 0.097379 0 0 0 0 0 0 0
0 0 0 0 0 0 0 0 0 0 0 0 0 0 0 0 0.0064629 0 0 0 0 1 0.70424 0 0 0 0 0 0.98836 1 0.069091 0 0 0 0 0.56475 0.76819 0 0 0 0 0 0.022689 0 0.0035826 0 0 0 0
0 0 0 0 0 0 0 0 0 0 0 0 0 0 0 0.12634 0 0.0006119 0 0 0 0.71488 0.80141 1 0 0 0 0 0.55466 0.98667 0.74589 0.021942 0 0 0 0.49297 0.84559 0.83637 0 0 0 0 0 0 0 0.0013617 0 0 0
0 0 0 0 0 0 0 0 0 0 0 0 0 0 0.0032946 0 0.17407 0 0.0086972 0 0 0 0.54523 1 0.71554 0 0 0 0.069057 0.58126 0.97879 0.52868 0.18886 0 0 0 0.23026 0.93221 1 0 0 0 0.0018337 0 0.16489 0 0.0060666 0 0
0 0 0 0 0 0 0 0 0 0 0 0 0 0 0 0.003878 0 0.29602 0 0.0049216 0 0 0 0.20789 0.66307 1 0 0 0 0 1 0.98774 0.72324 0.11226 0 0 0 0.29013 0.95296 0.72155 0 0 0 0.00064814 0 0 0 0.0067406 0
0 0 0 0 0 0 0 0 0 0 0 0 0 0 0 0 0.0035962 0 0.05884 0 0.0029607 0 0 0 0.062975 0.44477 0.61013 0 0 0 0.19308 0.54301 0.98937 1 0.073649 0 0 0 0.57035 1 0.96481 0 0 0 0.00191 0 0 0 0.0076373
0 0 0 0 0 0 0 0 0 0 0 0 0 0 0 0 0 0.0076687 0 0 0 0 0 0 0 1 1 0.71638 0 0 0 0 0.74519 0.99539 0.52719 0 0 0 0 0.47946 0.50497 0.3789 0 0 0 0 0 0.069919 0
0 0 0 0 0 0 0 0 0 0 0 0 0 0 0 0 0 0 0 0 0.062029 0 0 0 0 0 0.7525 0.85035 0 0 0 0 0 1 0.98165 0 0 0 0 0 0.027234 0.72741 0 0 0 0 0.0071838 0 0.048588
0 0 0 0 0 0 0 0 0 0 0 0 0 0 0 0 0 0 0 0 0 0.065929 0 0.0017939 0 0 0 0 0.8788 0.47562 0 0 0 0 0 0.98277 1 0.16143 0 0 0 0 0.34017 1 0 0 0 0 0
0 0 0 0 0 0 0 0 0 0 0 0 0 0 0 0 0 0 0 0 0 0 0.019591 0 0.0034404 0 0 0 0 1 0.93831 0 0 0 0 0.86789 0.98553 0.70147 0 0 0 0 0.48766 1 0.29507 0 0 0 0
0 0 0 0 0 0 0 0 0 0 0 0 0 0 0 0 0 0 0 0 0 0 0 0 0 0.0021366 0 0 0 0.73743 0.92933 0.2412 0 0 0 0.039777 0.98025 0.99418 0.74905 0.020572 0 0 0 0.39803 0.92967 0.81798 0 0 0
0 0 0 0 0 0 0 0 0 0 0 0 0 0 0 0 0 0 0 0 0 0 0.0061226 0 0 0 0.0019791 0 0 0 0.21415 0.66183 0.45554 0 0 0 0.10801 0.99246 0.98958 1 0.042403 0 0 0 1 1 0.82207 0 0
0 0 0 0 0 0 0 0 0 0 0 0 0 0 0 0 0 0 0 0 0 0 0 0.0013147 0 0 0 0.00092109 0 0 0 0 1 0.51634 0 0 0 0 0.66208 0.98409 0.44848 0.10869 0 0 0 0.69403 1 0.38404 0
0 0 0 0 0 0 0 0 0 0 0 0 0 0 0 0 0 0 0 0 0 0 0 0 0 0 0 0 0 0 0 0 0.22011 1 0.18509 0 0 0 0.071713 0.80949 0.98424 0.41922 0 0 0 0 0.34112 0.91743 0.40394
0 0 0 0 0 0 0 0 0 0 0 0 0 0 0 0 0 0 0 0 0 0 0 0 0 0 0 0.045064 0 0 0 0 0 0 0.6265 0 0 0 0 0.2418 1 0.98514 0 0 0 0 0 0.2308 1
0 0 0 0 0 0 0 0 0 0 0 0 0 0 0 0 0 0 0 0 0 0 0 0 0 0 0 0 0 0 0 0 0 0 0 0.96111 0.46979 0 0 0 0 0 0.98462 1 0.0042331 0 0 0 0
0 0 0 0 0 0 0 0 0 0 0 0 0 0 0 0 0 0 0 0 0 0 0 0 0 0 0 0 0 0.030704 0 0.008297 0 0 0 0.56284 0.7897 0.59194 0 0 0 0 1 0.9877 0.48503 0 0 0 0
0 0 0 0 0 0 0 0 0 0 0 0 0 0 0 0 0 0 0 0 0 0 0 0 0 0 0 0 0 0 0.020327 0 0.0032365 0 0 0 0.16197 0.63344 1 0 0 0 0.052644 1 0.98811 1 0 0 0
0 0 0 0 0 0 0 0 0 0 0 0 0 0 0 0 0 0 0 0 0 0 0 0 0 0 0 0 0 0.0051828 0 0 0 0.0018162 0 0 0 0 0.73534 0.82424 0 0 0 0 1 0.98382 0.67677 0.09321 0
0 0 0 0 0 0 0 0 0 0 0 0 0 0 0 0 0 0 0 0 0 0 0 0 0 0 0 0 0 0 1.6033e-005 0 0.39585 0 0.0068906 0 0 0 0.63002 1 0.35469 0 0 0 0.13829 0.61013 0.98522 0.46439 0
0 0 0 0 0 0 0 0 0 0 0 0 0 0 0 0 0 0 0 0 0 0 0 0 0 0 0 0 0 0 0 0.0037671 0 0 0 0 0 0 0 0.31574 1 0.31505 0 0 0 0.024153 0.89069 0.98616 1
0 0 0 0 0 0 0 0 0 0 0 0 0 0 0 0 0 0 0 0 0 0 0 0 0 0 0 0 0 0 0 0 0.00075809 0 0.12842 0 0 0 0 0 0.55482 0.79977 0 0 0 0 0.16232 0.78689 0.99258
