0.98499 0.64752 0.25458 0.035812 0 0 0 0.92733 0.55392 0.022406 0 0 0 0 0 0 0 0 0 0 0 0.0010622 0 0 0.0029919 0 0 0 0 0 0 0 0 0 0 0 0 0 0 0 0 0 0 0 0 0 0 0 0
0.88051 0.99143 0.96127 0.36514 0 0 0 0.79911 0.70759 0.98452 0 0 0 0 0.017764 0.20991 0.011293 0 0 0 0 0 0.067687 0 0 0 0 0 0 0 0 0 0 0 0 0 0 0 0 0 0 0 0 0 0 0 0 0 0
0.071624 0.8349 0.98742 0.87599 0.58222 0.087616 0 0.031903 0.76575 1 0.39677 0.027945 0 0 0 0 0.62879 0.015086 0 0 0 0 0 0.16575 0 0 0.0050191 0 0 0 0 0 0 0 0 0 0 0 0 0 0 0 0 0 0 0 0 0 0
0.10949 0 0.94875 0.98771 0.62919 0.3306 0 0 0.00095328 0.1166 1 1 0.024093 0 0 0 0.016089 0.11816 0 0 0 0.011056 0 0 0 0 0 0 0 0 0 0 0 0 0 0 0 0 0 0 0 0 0 0 0 0 0 0 0
0 0 0.098062 0.842 0.98273 1 0 0 0 0 0.97275 0.95981 0.98011 0.024473 0 0 0 0.026262 0 0 0 0 0.0036882 0 0 0.22802 0 0 0 0 0 0 0 0 0 0 0 0 0 0 0 0 0 0 0 0 0 0 0
0 0 0.18517 0.59855 0.9637 0.9866 0.95238 0 0 0 0.011664 0.55286 0.88026 1 0 0 0 0 0.030455 0.1265 0.026309 0 0 0.0022554 0 0 0 0 0 0 0 0 0 0 0 0 0 0 0 0 0 0 0 0 0 0 0 0 0
0 0 0 0.22132 0.58259 0.72124 0.99058 0 0 0 0 0.034747 0.55081 0.98705 0 0 0 0 0 0 0.15283 0 0 0 0.0056457 0 0 0 0 0 0 0 0 0 0 0 0 0 0 0 0 0 0 0 0 0 0 0 0
0.82349 0.61022 0.020695 0 0 0 0 0.99015 0.96704 0 0 0 0 0 0.98769 0.37699 0 0 0 0 0 0.089918 0.066295 0 0 0 0 0 0.11078 0 0 0.0015779 0 0 0 0 0 0 0 0 0 0 0 0 0 0 0 0 0
0.24186 0.90156 0.43449 0.025779 0 0 0 0.87072 0.98642 1 0.33028 0.18961 0 0 0.51703 0.81518 0.67901 0 0 0 0 0 0.25411 0.06477 0 0 0 0 0 0 0 0 0.0077823 0 0 0 0 0 0 0 0 0 0 0 0 0 0 0 0
0.018385 1 0.96238 1 0.0075221 0 0 0.28487 0.88446 0.9829 0.89851 0.21585 0 0 0 0.93787 0.99743 0.71051 0 0 0 0 0.031867 0 0.0032356 0 0 0 0 0 0.087423 0 0 0.00065103 0 0 0 0 0 0 0 0 0 0 0 0 0 0 0
0 0.027755 0.24585 0.86184 0.50856 0.038557 0 0 0 0.98888 0.98368 0.83315 0 0.034097 0 0.012449 1 1 0.95521 0.0048848 0 0 0 0.021467 0 0.01403 0 0 0 0 0 0 0 0 0.0040537 0 0 0 0 0 0 0 0 0 0 0 0 0 0
0 0 0.0040598 0.22583 0.99625 0.89295 0.022267 0 0.19376 0.57983 1 0.98391 0.93193 0.85465 0 0 0 0.18097 0.99784 0.60229 0.009795 0 0 0 0.0043945 0 0.030912 0 0 0.0057445 0 0 0.035096 0 0 0 0 0 0 0 0 0 0 0 0 0 0 0 0
0 0 0 0.038015 1 0.91127 1 0 0 0 0.18424 1 0.98728 1 0 0 0 0.016551 0.60495 0.9428 0.83417 0 0 0 0 0.026583 0.22416 0.04398 0 0 0.0099161 0 0 0.020627 0 0 0 0 0 0 0 0 0 0 0 0 0 0 0
0 0 0 0 0.024948 0.30803 0.86413 0 0 0 0.32835 0.52128 1 0.9906 0 0 0 0 0 0.59733 0.87168 0 0 0 0 0 0 0 0 0 0 0.0039326 0 0 0.30867 0 0 0 0 0 0 0 0 0 0 0 0 0 0
0 0.0064403 0 0 0 0 0 0.90258 0.39562 0.029231 0 0 0 0 0.9866 1 0.37938 0 0 0 0 0.78896 1 0.018071 0 0 0 0 0.064968 0.026963 0 0 0 0 0 0.034949 0 0 0 0 0 0 0 0 0 0 0 0 0
0 0 0.006923 0 0 0 0 0.25098 0.84785 1 0.038784 0 0 0 0.97579 0.98713 0.76517 0.30686 0 0 0 0.55911 0.92081 0.92516 0.028159 0 0 0 0.021592 0.64963 0.015474 0 0 0 0 0 0.055905 0 0 0 0 0 0 0 0 0 0 0 0
0 0 0.38595 0.010584 0 0 0 0 0.95311 1 0.42275 0.010603 0 0 0.097654 0.91265 0.98319 1 0.55723 0.00014466 0 0.020091 0.88609 0.78618 0.61253 0 0 0 0 0 0 0.023905 0 0 0 0 0 0.12612 0 0 0 0 0 0 0 0 0 0 0
0 0 0.040415 0.15963 0 0 0 0 0.0054218 0.8375 0.92558 0.77724 0.019346 0 0 0.82142 0.92976 0.9865 0.99038 0.3076 0.03369 0 0.018984 0.3008 1 0.72656 0 0 0 0 0 0.69405 0.03385 0 0 0.0012622 0 0 0.023419 0 0 0 0 0 0 0 0 0 0
0 0 0 0.00067892 0.39744 0.020406 0 0 0 0 0.63392 1 0.63853 0.024914 0 0 0.65422 1 0.9906 0.84453 0 0 0 0.015425 0.43481 1 0.95174 0.024571 0 0 0 0 0 0.01664 0 0 0.0056242 0 0 0.24503 0 0 0 0 0 0 0 0 0
0 0 0 0 0.0018979 0.051007 0 0 0 0 0 0.76113 0.91689 0 0 0 0.087378 0.28126 0.91064 0.98502 0.83005 0 0 0 0.031024 0.94489 0.86856 0.79802 0 0 0 0 0 0.17017 0 0 0 0.0048723 0 0 0.044106 0 0 0 0 0 0 0 0
0 0 0 0 0 0.035259 0.45756 0 0 0 0 0.0091336 1 0.85326 0 0 0 0 0.7738 0.99719 0.98525 0 0 0 0 0.034138 0.44563 1 0 0 0 0 0 0.02712 0.21173 0 0 0 0.0061266 0 0 0.082175 0 0 0 0 0 0 0
0.15171 0 0 0.00062784 0 0 0 0.69538 0.029757 0 0 0 0 0 0.90179 1 0.009555 0 0 0 0 0.98618 0.96495 0 0 0 0 0 0.97053 0.82405 0.0093852 0 0 0 0 0.099538 0 0 0 0 0 0 0 0 0 0.0022956 0 0 0
0 0 0 0 0.00096085 0 0 0 0.61855 0 0 0 0 0 0.30693 0.877 0.76978 0.048615 0 0 0 0.8945 0.98374 1 0.029909 0.099595 0 0 0.93486 0.92861 1 0 0 0 0 0.071877 0.65414 0.0032983 0 0 0 0 0 0 0 0 0 0 0
0 0 0 0 0 0.00047631 0 0 0.0043191 0 0.032182 0 0 0 0 0.44111 0.75378 0.76643 0.0040918 0 0 0.19463 1 0.98972 0.84461 0.28682 0 0 0 0.84974 1 0.21436 0.016697 0 0 0 0.027986 0.15301 0 0 0 0 0 0 0.085854 0 0 2.9939e-005 0
0.0050177 0 0 0.16571 0 0 0.0005146 0 0 0.012541 0.14568 0.035127 0 0 0 0 0.49919 0.98674 0.30586 0.015063 0 0 0 1 0.98119 1 0.26783 0.017723 0 0 0.44683 0.72527 0.63037 0.023653 0 0 0 0 0.13978 0.012508 0 0 0 0 0 0 0 0 0.0051992
0 0 0 0 0.045127 0 0 0 0 0 0.019462 0.30175 0 0 0 0 0 0.91796 0.81613 0.80179 0.0077699 0 0 0.48341 0.8531 0.99119 0.80898 0 0 0 0.037415 0.56389 0.98188 0.83988 0 0 0 0 0 0.037434 0 0 0 0.007954 0 0 0.13144 0 0
0 0 0 0 0 0.089247 0 0 0 0 0 0.03021 0.4581 0.022386 0 0 0 0.038385 0.19123 0.96563 0.85703 0 0 0.033606 0.7036 0.78403 0.98427 0.82856 0 0 0 0.05063 0.64588 1 0.55823 0 0 0 0 0.027328 0.72294 0.025425 0 0 0.00093568 0 0 0.04301 0
0 0 0 0 0 0 0.18957 0 0 0 0 0 0.0023899 0.64242 0 0 0 0 0.0046957 1 0.88992 0 0 0 0 0.44892 0.84181 0.98721 0 0 0 0 0 0.60202 0.93527 0 0 0 0 0 0 0.097616 0 0 0 0 0 0 0.14234
0 0 0 0 0 0 0 0.18753 0 0 0.0027134 0 0 0 0.031421 0.029586 0 0 0 0 0 0.99279 1 0 0 0 0 0 0.99149 0.89254 0 0 0 0 0 0.94389 0.6817 0.028991 0 0 0 0 0.47905 0.030749 0 0 0 0 0
0 0 0 0 0 0 0 0 0 0 0 0 0 0 0.0021499 0 0.030795 0 0 0 0 0.66604 0.91048 0.80226 0 0 0 0 0.95487 0.98817 0.72094 0 0.15873 0 0 1 1 1 0 0 0 0 0.028478 0.23323 0.018802 0 0 0 0
0 0 0 0 0 0 0 0 0 0.034388 0 0 0.0055888 0 0 0.037443 0.22671 0.0061889 0 0 0 0.01028 0.67558 0.84227 1 0.025924 0 0 0.31441 0.92587 0.98252 1 0.77681 0.089707 0 0.027864 0.88462 1 0.70447 0.022163 0 0 0 0.018647 0 0.041276 0 0 0
0 0 0 0 0 0 0 0 0 0 0.032663 0 0 0.0051687 0 0 0.028233 0.29386 0 0 0 0 0 0.93485 0.83848 0.56889 0 0 0.11108 0.072201 0.81929 0.98392 0.85558 0 0 0 0.020654 0.46795 0.98213 0.24783 0 0 0 0 0.048861 0.52377 0.0080747 0 0
0 0 0 0 0 0 0 0 0 0 0 0.15314 0 0 0 0 0 0.0019475 0 0.036251 0 0 0 0.0061548 1 0.93546 0.074341 0.038739 0 0.13349 0.74273 0.91222 0.98892 0.94548 0 0 0 0 0.875 0.80802 0.40263 0 0 0 0 0.011775 0 0 0
0 0 0 0 0 0 0 0 0 0.0032254 0 0 0.12403 0 0 0 0 0 0.016579 0 0 0 0 0 0.021116 1 0.81746 0.88171 0 0 0 0.57455 0.973 0.99423 0.97415 0 0 0 0 0.78991 1 1 0 0 0 0 0 0 0
0 0 0 0 0 0 0 0 0 0 0.0027846 0 0 0.061023 0 0 0 0 0 0.0032354 0.34483 0 0 0 0 0 0.46568 1 0 0 0 0 0.19596 0.93858 0.98335 0 0 0 0 0.034061 0.75167 0.9296 0 0 0 0 0 0.05878 0.060248
0 0 0 0 0 0 0 0 0 0 0 0 0 0 0 0 0 0 0 0 0 0.024886 0 0 0 0 0 0 1 0.96977 0.0070011 0 0 0 0 0.98235 1 0.075247 0.07231 0 0 0 0.85011 0.47861 0.012575 0 0 0 0
0 0 0 0 0 0 0 0 0 0 0 0 0 0 0 0.26502 0 0 0.0069222 0 0 0.009628 0.19997 0.0035083 0 0 0 0 0.76693 0.76704 0.74017 0 0 0 0 0.98525 0.98153 0.95407 0.88766 0.20146 0 0 0.65758 0.79985 0.83819 0.023082 0 0 0
0 0 0 0 0 0 0 0 0 0 0 0 0 0 0 0 0.086542 0 0 3.4212e-005 0 0 0.025823 0.053164 0 0 0 0 0.018409 0.73773 0.9612 0.26256 0 0 0 0.44321 0.8357 0.97872 1 0 0.099926 0 0.029981 0.7107 0.85142 0.096438 0 0 0
0 0 0 0 0 0 0 0 0 0 0 0 0 0 0.0018442 0 0 0.23783 0 0 0.0077395 0 0 0 0.4605 0.018112 0 0 0 0.013061 1 0.83875 1 0 0 0 0.18826 0.8876 0.98462 0.90885 0 0.10399 0 0 0.87132 0.8605 1 0 0
0 0 0 0 0 0 0 0 0 0 0 0 0 0 0 0 0 0 0.26528 0 0 0 0 0 0 0.19174 0.044862 0 0 0 0.01454 1 1 1 0.032421 0 0.0016776 0.68631 0.95842 0.99018 0.86773 0.059092 0 0 0 0 0.94535 1 0.0011908
0 0 0 0 0 0 0 0 0 0 0 0 0 0 0 0 0.0017081 0 0 0 0 0 0 0 0 0.033123 0 0.025649 0 0 0 0.0064002 0.99821 0.93169 0.44724 0 0 0.051342 0 0.99588 0.98519 0.89145 0 0 0 0.0096883 0.68928 0.97014 0.95814
0 0 0 0 0 0 0 0 0 0 0 0 0 0 0 0 0 0 0 0 0.089127 0 0 0 0 0 0.039492 0.7921 0 0 0 0 0 0.68643 0.89995 0 0 0 0 0.0054257 1 0.98463 0 0 0 0 0.018372 0.086771 0.93205
0 0 0 0 0 0 0 0 0 0 0 0 0 0 0 0 0 0 0 0 0 0.020102 0 0 0.00083049 0 0 0 0.58706 0 0 0 0 0 0 0.92432 0.70746 0.014077 0 0 0 0 0.99148 0.83745 0.22849 0.043492 0 0 0
0 0 0 0 0 0 0 0 0 0 0 0 0 0 0 0 0 0 0 0 0 0 0 0 0 0.0023084 0 0 0.011951 0 0.03397 0 0 0 0 0.77008 1 0.81039 0 0 0 0 0.97881 0.99046 0.98609 0 0.19819 0 0
0 0 0 0 0 0 0 0 0 0 0 0 0 0 0 0 0 0 0 0 0 0 0 0.12785 0 0 0.00014779 0 0 0 0.33077 0.050795 0 0 0 0.0033839 0 0.90662 0.55885 0.0025714 0 0 0 0.76502 0.98196 1 0.19088 0.1677 0
0 0 0 0 0 0 0 0 0 0 0 0 0 0 0 0 0 0 0 0 0 0.0046785 0 0 0.011961 0 0 0.0014683 0 0 0.02482 0 0 0 0 0 0 0.24992 0.94634 0 0 0 0 0.32486 0.88281 0.98544 0.96372 0 0
0 0 0 0 0 0 0 0 0 0 0 0 0 0 0 0 0 0 0 0 0 0 0.0025856 0 0 0.0086328 0 0 0 0 0 0 0.65693 0 0 0 0 0.011392 0.98952 0.89972 0.59086 0.0021757 0 0 0.22583 1 0.98224 0.98 0.12897
0 0 0 0 0 0 0 0 0 0 0 0 0 0 0 0 0 0 0 0 0 0 0 0.00062007 0 0 0 0 0 0 0 0 0.010833 0.21444 0.042723 0 0 0 0.0042966 0.50285 1 1 0 0 0.19558 0.44139 0.95376 0.98517 0.96646
0 0 0 0 0 0 0 0 0 0 0 0 0 0 0 0 0 0 0 0 0 0 0 0 0.0025421 0 0 0 0 0 0 0 0 0.0056939 0.059523 0 0 0 0 0 0.78277 1 0 0 0 0.11958 0.2033 0.90426 0.99056
