0.98486 0.95459 0.94732 0.84579 0 0.24496 0.16034 0.97332 0.96587 0.91135 0.53131 0.75578 0 0 0.91879 0.90089 1 0.58186 0.0091801 0 0 0.30509 0.83262 1 0.16553 0.19485 0.16743 0 0 0.69139 0.0025961 0.16957 0 0.0028884 0 0.16635 0.23183 0 0.028194 0.00038093 0 0 0 0 0 0 0 0 0
0.97307 0.98276 0.98082 0.989 1 0.39193 0 0.9665 0.96214 0.96177 0.87294 0.59376 0.32122 0.21838 0.55822 0.98033 1 0.99339 0.79805 0.012122 0 0.78399 0.66488 0.46752 0.43379 0 0.030494 0.043304 0.58465 0.67978 0.30743 0.024737 0.18598 0 0 0.094431 0.10152 0 0 0.14866 0.00045373 0 0 0 0 0 0 0 0
0.84408 0.97069 0.98212 0.94841 1 0.57731 0.30279 0.9216 0.96225 0.9622 0.95079 0.81671 0.19718 0.013914 1 0.89086 0.80095 0.87414 0.37429 0 0.0055995 0.95463 0.63677 0.96859 0.20323 0.36512 0.3443 0 0 0.84131 0.19602 0.18495 0.028687 0.10058 0 0 0.10531 0.28831 0.22442 0 0 0.00062281 0 0 0.084767 0 0 0 0
0.97077 0.84054 0.95993 0.98599 0.973 0.98656 0.55172 0.5437 0.80631 0.96106 0.99141 0.95482 0.649 0.75071 0.18045 0.76195 0.77308 0.99202 0.97655 0.68218 0 0.50877 1 0.93431 0.22377 0.56745 0.27297 0.026968 0 0.0175 0.27482 0.21107 0.3004 0.0011875 0.12155 0.10996 0 0 0 0.21035 0 0 0 0 0 0.24431 0 0 0
0 0.6797 1 0.96091 0.98874 0.96683 0.99374 0 0.62251 0.53572 0.95617 0.97907 0.9582 1 0 0 0.3399 1 0.92131 0.94662 1 0 0.18514 0.26353 0.25328 0.68937 1 0.54112 0 0 0.011413 0.12759 0.39047 0.34897 0.021641 0.0027621 0.021796 0 0.38883 0.14468 0.063012 0 0 0 0 0 0.0001647 0 0
0 0.22716 0.48107 1 0.94654 0.99002 0.97627 0.1014 0.95883 0.5019 0.8583 0.94697 0.95461 0.95368 0 0 0.0012048 1 0.75851 0.93242 0.88111 0.0030921 0.1254 0.34364 0 0.24966 0.83094 0.17354 0 0 0 0 0.28633 0.25088 0.40522 0 0.00012496 0 0 0.074686 0.11336 0.13483 0 0 0 0 0 0.26387 0
0 0.33213 0.30218 0.37739 1 0.98836 0.98317 0 0.045149 0 0.98959 0.87859 0.96834 0.96551 0 0 0.013562 1 0.6584 1 1 0 0 0 0.3762 0.56087 0.87363 0.5095 0 0.00025257 0 0.10769 0.034153 0.71242 0 0 0 0.0026703 0.17356 0 0 0.043239 0 0 0 0 0 0 0.02514
0.97811 0.95809 0.79508 0.58172 0.3808 0 0 0.98803 0.98849 0.8794 0.3775 0.46502 0.071915 0 0.97272 0.93823 1 0.26564 0.1669 0.2527 0 0.88865 0.794 1 0.59087 0 0 0 1 1 0.033552 0.36466 0.035773 0.063969 0 0 0.26753 0.034668 0.42282 0 6.3659e-005 0 0 0.32611 0 0 0 0 0
0.96665 0.95411 0.9647 0.99943 0.3808 0.036106 0.03861 0.96162 0.98617 0.97696 1 0.80988 0.0091498 0.31168 0.97176 0.97641 0.96995 0.79367 0.88012 0.56537 0.1524 0.70072 1 0.95613 0.11164 0.75306 0.038828 0 1 1 0.28963 0 1 0.12453 0.032579 0.28453 0 0.54575 0 0 0 0.0030155 0.11741 0 0.27269 0 0.23481 0 0
0.74899 0.96073 0.96251 0.95059 0.47114 0.31346 0.56073 0.91361 0.97182 0.986 0.97569 0.87902 0.51523 0.36386 0.80869 0.96471 0.96271 0.96027 1 0.29596 0.51147 0.67137 0.86824 0.89457 0.52312 0.7022 1 0.025356 0.39992 0.37256 0.8329 0.4655 0.33682 0.47663 0.25442 0 0.69709 0 0.84675 0 0.032025 0 0 0.036182 0 0 0 0.070431 0
1 0.90539 0.93996 0.96852 0.95428 0.89906 0.51997 0.65709 0.85368 0.97301 0.98118 0.9808 0.78938 0.52971 0.54489 0.92401 0.96109 0.99375 0.98119 0.98923 0.62445 0.22046 0.59639 0.6389 0.89283 0.80008 1 0.87116 0.48063 0.43509 0.62145 1 1 0.69342 0.81303 0.16797 0.023256 0.87063 0.61759 0.47196 0.0044517 0.099836 0.1393 0 0 0.20301 0.040502 0 0.089545
0.84168 0.40306 0.62293 0.9614 0.98011 0.96299 1 0.080499 1 0.8481 0.95922 0.98885 0.95773 0.79188 0.20165 0.095968 0.97753 0.95872 0.95886 0.95149 0.7112 0.0097001 0 0.5188 0.64141 0.96959 0.98442 0.79901 0.050447 0 0.56884 0.30071 0.6616 0.48421 0.074279 0 0.1018 0.0036565 0.82502 0.72531 0 0.010689 0 0.11243 0 0 0 0 0
0.029781 0.39118 0.17293 0.93514 0.99383 0.97708 0.94517 0.10286 0 0.79947 0.74909 0.98202 0.99057 0.99161 0.25889 0.13792 0.74178 1 0.94929 0.97607 0.97103 0 0 0.88156 0.74789 0.97166 1 0.96434 0 0.1789 0.38408 0.21686 1 0.77669 0.28031 0.0026686 0 0.15506 0.02835 0.4974 0.13866 0.8162 0 0.0010512 0 0 0.026992 0 0.099561
0 0.05891 0 0.42294 0.92421 0.96637 0.97581 0.026282 0 0.30685 0.70634 0.98654 0.98064 0.98612 0 0.017621 0.31931 0.46588 0.71691 0.96476 0.98796 0 0 0.026893 0.57361 1 0.58803 0.82097 0 0.26825 0.13068 0.2688 0.56965 0.48819 1 0 0.0031946 0 0.030906 0.0087896 0.50684 0 0 0 0 0.13284 0 0 0
1 0.76397 0.17536 0.89616 0.042453 0 0 0.96386 0.9531 1 0.97857 0.2004 0.17783 0 0.98507 0.96418 0.96493 0.14436 0 0.36909 0.022489 1 0.95912 0.91112 0.90247 0.37923 0 0 0.8388 1 0.57997 0.86711 0.029599 0 0 1 0.24195 0.70811 0.43825 0 0.00028701 0 0 0 0 0.064875 0 0.0044795 0
0.52548 0.94574 1 0.76765 0.62467 0.010668 0 0.97244 0.97585 0.97094 0.96882 0.63785 0.5702 0 0.96289 0.98638 0.97783 0.83612 1 0.22922 0.47686 0.96686 0.95871 0.96654 0.96735 0.42294 0.55139 0 0.88483 0.97938 1 1 0 0.017427 0 0.59103 1 0.85284 1 0.96634 0.20999 0 0.04119 0.42367 0.047655 0 0.16908 0 0.0039043
0.30347 0.9639 0.75553 0.63257 0.84782 0.49863 0 0.83082 0.95511 0.96344 0.96494 0.62447 0.69859 0 0.99132 0.9777 0.98918 0.96579 1 0.39287 0.49613 0.51529 0.96537 0.96531 0.95285 0.90742 0.48111 0.85778 0.71429 1 0.88184 0.89313 0.88272 1 0.024677 0.43721 0.13502 0.52162 0.70467 0.1412 0.57491 0.23234 0.016551 0.52226 0.32943 0.95988 0.042595 0 0
0.80264 0.66209 1 1 0.73457 1 0.84907 0.84788 0.58599 0.98019 0.95523 0.97513 0.68997 0.72265 1 1 0.97418 0.98307 0.97246 0.84612 0.1956 0.29232 0.98267 0.96856 0.96897 0.96273 0.9601 0.6603 0.66452 1 0.48872 0.97061 0.93122 0.97052 0.31499 0.82321 0.62879 0.8776 1 1 0.53032 1 0.10003 0 0.39124 0.021663 0 0.0022155 0
0.026848 0.69862 1 0.93025 0.91779 0.8658 0.84628 0.93858 0.86319 0.64757 0.96343 0.97119 0.96876 0.82951 0.57534 0.69028 0.77373 0.9898 0.98803 0.98026 0.85804 0.80078 0 1 0.96198 0.95517 0.94746 0.917 0.016031 0.13772 0.59914 1 0.8833 0.88689 1 0.20069 0.51099 0 0.043119 0.89275 0.34722 0.79266 0 0.13499 0.02487 0.61173 0 0.30899 0.020813
0 0 0.1079 1 1 1 0.75233 0.096793 0.36051 0.30841 0.94083 0.9633 0.96071 0.95392 0.023894 0.41339 0.33432 0.86852 0.96821 0.99 0.99402 0.26504 0.83321 0.70304 0.89325 0.94425 0.96894 0.96175 0 0 0.28007 0.93586 0.67638 0.84912 0.92797 0.19814 0 0.71404 0.22462 0.48891 0.54948 1 0.0033116 0 0.011389 0.02323 0 0.12242 0.27637
0 0 0.012978 0.33968 0.27922 0.81501 0.88374 0 0.022382 0 0.95968 1 0.9605 0.96527 0.053718 0.0054302 0.21416 0.16463 1 0.97752 0.98903 0 0 0.14394 0.65267 0.97224 0.95546 0.97718 0 0 0.0047206 0.95609 0.5724 0.72593 0.83636 0 0 0.30705 0.69269 0.69082 0.54313 0.85514 0 0 0 0.008752 0.011305 0.82192 0.38895
0.2125 0.090918 0.79627 0.074442 0 0 0 0.80706 0.68994 0.84679 0 0.039703 0 0 0.97349 0.95126 0.70135 0.71866 0.82895 0.24414 0 0.98865 0.99626 1 0.62548 0.94815 0.041696 0 0.98023 0.9614 1 0.81406 0 0 0 0.82366 1 1 0.14897 0.033062 0 0 1 0.42098 1 1 0 0.35276 0
0.9449 0.49455 0.50759 0 0 0 0.094748 1 1 0.79657 0.024927 0.65595 0 0 0.9673 0.98044 0.97214 0.83535 0.45415 0.36788 0.040196 0.97625 0.99254 0.97513 1 1 0.077645 0.1756 0.96548 0.96398 0.93202 0.47118 0.47795 0.19919 0.0073666 0.63724 0.95841 0.9171 0.51035 0.87305 0 0 0.50959 0.31765 1 1 0.55181 0 0.10237
0 0.41486 1 0.74062 0.077758 0.8228 0.023061 1 0.81835 1 1 0.82121 0.43238 0.016787 0.84836 0.96106 0.9818 0.95258 0.74313 0.59121 0.15094 0.77113 0.98376 0.98546 0.95572 0.89063 0.7021 0 0.64725 0.94052 0.9865 0.96032 1 0.78077 0.65276 0.52378 0.93037 0.78835 0.75646 0.52904 0.63987 0 0 0.65988 1 0.71631 0.37255 0.43335 0.07741
1 0.52677 0.90769 0.72349 0.32591 0.68614 0.89153 0 0.3868 0.8482 0.98417 0.72195 0.53368 0.81682 0.14728 1 0.97222 0.96636 0.96981 1 0.69895 1 0.94768 0.97394 0.98616 0.96231 0.85218 0.73974 0.92426 0.778 0.97947 0.96439 0.96963 0.65546 0.30368 0.35944 0.82406 1 0.94565 0.81035 0.92023 0.057241 0.41345 0.743 0.49483 0.69406 0.65379 0.7327 1
0.36628 0.74377 0 0.71515 0.56119 0.24458 0.84777 0.021725 0.47637 0.6241 0.72846 0.73305 0.60059 0.35916 0.2806 0.6523 0.9208 0.94732 0.9818 0.96705 1 0.019901 0.74778 0.87637 0.98201 0.99038 0.97951 1 0.38682 0.73737 0.54222 0.95554 0.95202 0.96072 0.65438 0 0.18095 0.69846 1 1 0.9552 0.56327 0.092702 0.13233 0.16385 0.12305 0.11531 0.57192 0.83736
0.05289 0.064492 0.46192 0.32433 1 0.67675 0.12077 0 0 0.50649 0.62008 0.73572 0.74422 0.80376 0 0.41369 0.89729 1 0.96815 0.97847 0.97445 0.13025 0.62965 0.68805 0.94791 0.96618 0.98367 0.9669 0.17871 0.48253 0 1 0.96974 0.95598 0.95756 0 0 0.5128 0.8628 1 0.78051 0.70361 0 0.09142 1 1 0.84166 1 0.54599
0 0 0.13995 0.96887 1 0.50072 0.8223 0 0 0.016219 0.70527 0.92357 0.77507 1 0 0 0 0.48483 0.5344 0.98055 0.97643 0.10102 0 0.25877 1 1 0.98287 0.98862 0 0 1 0.14136 0.96003 0.96663 0.9976 0 0 0.00037758 0.64452 1 0.71781 1 0 0.040059 0.45638 0.17232 1 0.58812 0.84045
0 0 0.0043808 0.15426 0 0 0 0.6046 0.60879 1 0.32454 0.093948 0.13395 0 0.81204 0.60678 1 0.7594 0.04686 0 0 0.99733 0.96912 0.88433 0.055217 0.96936 0.16063 0 0.98836 0.99831 0.97228 0.82715 0.62725 0.063684 0 0.96735 0.97094 0.72407 1 0.55583 0.08135 0 0.92601 0.78156 0.90627 1 0.046629 0 0
0.025761 0.62945 0.45979 0.015983 0.32357 0 0.0011593 0.23042 0.23112 0.8069 0.38848 0.28563 0.078369 0 0.78427 1 0.74083 0.66397 0.7628 0 0 0.96943 0.97553 0.99254 0.65609 0.93602 0.77743 0 0.967 0.98667 0.97361 0.92526 0.23103 0.7673 0 0.96312 0.97705 0.97288 0.96918 0.67583 0 0.20077 1 0.77691 0.61679 0.72512 0.5911 0 0
0.01064 0 0.43981 0.47838 0.014478 0.30591 0 1 0.94655 0.69451 0.69891 1 0.58987 0.13731 0.88277 0.86871 1 1 1 0.38526 0.02348 1 0.9646 0.98886 0.96944 0.69026 0.44427 0.15128 0.97225 0.96792 0.97879 0.9661 1 0.64018 1 0.59943 0.95565 0.98005 0.97966 0.80278 0.42775 0.96791 0.76363 1 1 0.93381 1 0.87613 0
0 0.023263 0 0 0 0 0.048439 0.57852 0.31368 0 1 0.45752 1 0 0.934 0.93036 0.80109 1 1 1 0.57006 0.77458 0.99914 0.95502 0.97075 0.97995 1 0.69522 0.47793 0.88011 0.98373 0.98774 0.97283 1 0.15332 0.99946 0.87082 0.95736 0.98076 0.96961 1 0.90623 1 0.66693 0.75928 0.86892 0.83603 1 0
0 0.10712 0.029129 0.045819 0.15699 0.50681 0.012604 0.12165 0.41028 0.26666 0.46439 0.75537 1 0.73094 0.012738 0.67979 0.90737 1 0.96206 1 0.85554 0.78812 0.788 1 0.9509 0.9632 0.96645 1 0.24432 0.68265 1 0.9666 0.98937 0.99594 0.97683 0.094902 1 0.73637 0.96532 0.98319 0.97653 0.87029 0.025214 0 0.76985 0.75022 0.74933 1 1
0.0015152 0 0.42923 0.0025479 0.8342 0.1463 1 0.065593 0 0.48528 0.51331 1 0.98572 0.71678 0 0 0.83026 1 0.74156 0.79454 1 0.078968 0.11964 0.17547 1 0.98008 0.9942 0.96947 0.078246 0.91505 1 0.74282 0.97358 0.99539 0.96605 0.10115 0.29854 1 0.76868 0.96274 0.96528 0.95988 0 0.014213 0.55064 0.43751 0.62647 0.97311 0.96361
0 0 0 0.10084 0.038074 0.50589 0.25292 0 0 0.021272 1 1 0.14778 0.87895 0 0 0.02884 0.13646 0.4155 0.93002 0.96524 0 0.033944 0.82777 0.37899 0.85015 0.97049 0.97722 0.19966 0.059055 0.18221 0.62277 0.87327 0.98448 0.98165 0 0 0.77838 0.79538 1 0.94988 0.97297 0 0 0 0.28185 1 1 0.95183
0 0.10348 0 0.019584 0.0013427 0 0 0.46892 0.3559 0 0.017861 0 0.0028275 0 0.8579 0.76311 0.12833 0.49497 0.048202 0.1057 0 0.96913 0.86484 0.76038 0.30125 0 0 0 0.9782 0.96263 0.79746 0.6755 0.75266 0.086212 0 0.98277 0.98878 1 0 0 0.12383 0 0.95959 0.99326 0.72536 0.18466 0.57982 0 0
0 0 0.13751 0 0.020882 0.0007969 0 0.86425 0.40949 1 0 0.089362 0 0 0.77019 1 0.8613 0.92559 0.36023 0.11041 0 0.85447 0.92292 1 0.89467 0.54642 0.0030278 0 0.94821 0.98246 0.97577 0.70483 1 0.24781 0.088911 0.97782 0.98553 0.97207 0.80622 0.74267 0.40105 0.34655 0.96297 0.99225 0.9575 0.65724 0.35166 0.21832 0.15193
0 0.047385 0 0 0 0 0.0041108 0.004803 0.93421 0.54555 1 0 0 0 0.38846 0.46523 0.9105 0.74215 0.71602 0.91257 0.19462 0.35759 0.95054 0.86997 0.71241 0.78833 0.58569 0 0.97452 0.97007 0.97995 0.95597 0.65335 0.38954 0.21819 0.94305 0.98171 0.99418 0.97372 0.92389 0.6651 0 0.95415 0.96042 0.97996 0.97236 0.66565 0.88412 0.11847
0 0 0.021199 0 0.18069 0 0.13526 0.36267 0.017633 0.29008 0.38675 0 0.012572 0.067568 0.38357 0.27059 0.26247 0.73343 0.83429 0.43914 0 0.74956 1 0.70124 0.62376 1 0.77548 0 0.38856 1 0.9552 0.9707 0.96206 0.87446 0.42474 0.36447 1 0.98213 0.98958 1 0.94567 0.75881 0.91823 0.88034 0.97868 0.99398 0.97247 1 0.72859
0.0013847 0 0 0 0.35289 0.041447 0 0 0.20032 0.02095 0.82382 0.55475 0.40996 0.044736 0.091276 0.78836 0 0.65198 0.58881 0.34909 0 0 0.53532 0.72129 0.67617 0.85145 1 0.68919 0.42598 0.89639 1 0.94877 0.99461 0.96378 0.83247 0.74957 0.97189 0.8959 0.97071 0.98409 0.96333 1 0.45052 0 0.85547 0.96883 0.98242 0.96002 0.78096
0 0 0.093617 0 0.13794 0.3067 0.1675 0.0024376 0 0 0.039554 0.25264 0 0.067766 0.13119 0.071885 0.62581 0.80613 1 0.98778 0 0 0.041346 0.36791 0.54079 1 0.88034 0.81189 0.26115 0.57039 1 0.74341 0.95537 0.99341 0.95437 0 0 0.80245 0.9749 0.97581 0.98424 0.96232 0.23157 1 1 1 0.9588 0.97954 0.96059
0 0 0.00027093 0.13806 0 0 0.10691 0 0.00067816 0 0 0 0.26337 0.2577 0 0 0.017253 0.16052 0.24686 0.71791 1 0 0 0.035582 0.96545 0.31166 0.87725 0.94832 0 0.19124 0.48529 0.71472 0.52639 0.93441 0.96948 0.17089 0.14956 0.13135 0.73812 1 0.98877 0.98514 0 0.07633 0.63402 0.18477 0.40965 0.95567 0.99917
0 0 0 0 0 0 0 0 0.1529 0 0.25681 0 0 0 0.9161 0.14293 0 0.033622 0 0 0 0.27908 0.97621 0.96529 0.65867 0.25503 0.095296 0 0.77909 0.72268 0.26781 0 0.013356 0 0 0.98105 0.96246 0.87842 0.74407 0.23609 0 0 0.98462 0.99248 0.9076 0.42979 0.14064 0.31903 0.20035
0 0.040932 0 0 0 0 0 0.026382 0.28312 0.054221 0 0 0.00011132 0 1 0 0.52274 0.010207 0 0 0.0033863 0.45803 0 0.26985 0.78865 0.76979 0 0.15694 0.82816 0.934 0.63888 1 0.61535 0 0 0.9651 0.97512 0.96593 0.80428 0.5955 0.36777 0.071622 0.9844 0.9877 0.96459 0.86582 1 0 0.070786
0 0 0 0 0 0 0 0 0.064884 0.16163 0 0 0.13679 0.00062988 0.010521 0.57951 0 0.43183 0.027982 0.017573 0 1 0.73054 1 0.78437 0.17455 1 0.061982 0.49369 0.73688 0.92365 0.98987 0.87804 0.30288 0.0022976 1 0.95371 0.96972 0.9835 0.59854 0.6864 0.17272 0.95588 0.98879 0.98811 0.98858 0.82943 1 0.055235
0 0 0 0 0 0 0 0.11581 0 0.018985 0.0094441 0.023358 0 0.024462 0.098505 0.058281 0.69191 0.4675 0.0043589 0 0 0.8356 0.32913 0.3914 0.75841 0.68119 0.8671 0.38612 0.73879 1 0.89229 0.74537 1 0.7622 0.48007 0.3213 1 0.94092 0.97324 0.97253 0.80262 0 0.61944 0.81298 0.99397 0.98382 0.97122 0.99634 0.80665
0 0 0 0 0.027006 0 0 0.001288 0 0 0.11556 0.157 0.075082 0 0 0.13727 0.038177 0.46591 0.42585 0.1681 0.010317 0 0.0072904 0.46497 0.033367 0.18456 0.55746 0.43175 0 0.8647 0.61537 1 1 0.98923 1 0.14493 0.93956 0.77468 0.96701 0.98405 0.95919 0.8592 0.53656 1 1 0.96892 0.98522 0.96388 0.84954
0 0 0 0 0 0.27318 0 0 0 0 0 0.096351 0.17974 0 0.0062013 0 0.45577 0 0 0 0.61042 0.16948 0 1 0.55034 0.83979 0.53661 1 0 0.026102 0.86164 0.92132 1 0.85993 1 0.0092542 0.95567 0.69668 0.7974 0.95808 0.98269 0.95806 0.38124 0.32354 0.53273 0.92747 0.97861 0.98616 0.9828
0.0011071 0 0 0 0 0 0 0 0 0 0 0 0 0.059746 0 0 0 0.030285 0.037207 0.43976 0.0093697 0 0.27695 0.097678 0.53202 0.67585 0.082255 0 0 0 0.0033557 0.29335 0.6759 0.91238 1 0 0.082266 0.78975 0.23749 0.53493 0.96488 0.97547 0.31541 0.057704 0.18726 0.57794 1 0.97502 0.99258
