2,198,870
2,199,935
2,200,908
2,202,908
2,203,908
2,204,908
2,205,864
2,206,913
2,207,870
2,208,908
2,209,935
2,210,935
2,213,880
2,214,870
2,215,924
2,216,880
2,217,924
2,218,897
2,220,918
2,221,935
2,222,908
2,223,908
2,224,924
2,225,935
2,226,908
2,228,864
2,230,864
2,231,897
2,232,870
2,234,897
2,235,924
2,236,880
2,237,935
2,238,924
2,239,897
2,241,935
2,242,924
2,243,913
2,244,891
2,245,870
2,246,935
2,248,880
2,249,924
2,251,870
2,252,908
2,253,880
2,254,870
2,255,924
2,0,870
2,2,929
2,3,913
2,4,891
2,6,935
2,7,880
2,8,870
2,9,875
2,11,924
2,12,891
2,13,897
2,14,880
2,15,913
2,16,897
2,17,880
2,18,897
2,20,908
2,21,880
2,22,870
2,23,880
2,24,864
2,26,870
