2,75,946
2,76,962
2,77,929
2,78,995
2,79,995
2,80,940
2,82,957
2,83,957
2,84,984
2,85,957
2,86,918
2,87,940
2,88,940
2,89,995
2,90,957
2,91,951
2,92,957
2,95,951
2,96,946
2,97,995
2,99,951
2,100,924
2,102,962
2,103,967
2,104,935
2,105,940
2,106,929
2,107,946
2,108,929
2,109,984
2,111,984
2,112,984
2,114,935
2,115,929
2,116,995
2,117,946
2,118,935
2,119,967
2,120,929
2,122,984
2,123,984
2,124,957
2,125,984
2,126,929
2,127,940
2,128,951
2,129,924
2,130,924
2,131,946
2,132,984
2,133,973
2,134,967
2,135,951
2,136,957
2,137,946
2,138,995
2,139,984
2,140,929
2,141,957
2,143,957
2,144,984
2,145,995
2,146,973
2,147,940
2,149,962
2,150,929
2,151,967
2,153,967
2,154,929
2,155,946
2,156,967
2,158,957
2,159,967
2,160,929
2,163,978
2,164,929
2,169,951
2,170,984
2,171,995
2,172,967
2,173,984
2,174,957
2,175,940
2,176,929
2,177,973
2,179,935
2,180,946
2,182,967
2,183,984
2,184,935
2,185,957
2,186,995
2,188,929
2,189,935
2,190,995
2,192,984
2,193,918
2,194,995
2,195,978
2,196,929
2,198,957
2,201,984
2,202,940
2,203,962
2,204,940
