2,174,413
2,176,413
2,177,402
2,178,456
2,179,424
2,180,402
2,181,440
2,182,413
2,183,451
2,184,440
2,185,440
2,186,413
2,187,451
2,188,429
2,190,451
2,197,440
2,198,396
2,199,456
2,200,451
2,201,396
2,202,456
2,203,396
2,204,440
2,205,440
2,207,456
2,208,429
2,209,440
2,210,424
2,211,429
2,212,462
2,213,462
2,214,429
2,215,413
2,217,462
2,218,435
2,220,440
2,221,440
2,222,429
2,223,396
2,224,424
2,225,429
2,226,456
2,227,451
2,228,435
2,230,402
2,231,440
2,233,396
2,235,413
2,237,424
2,238,396
2,240,429
2,241,402
2,242,402
2,243,440
2,244,402
2,245,396
2,247,424
2,248,424
2,250,413
2,251,462
2,252,456
2,253,456
2,254,424
2,1,402
2,2,440
