2,58,489
2,60,445
2,61,500
2,62,462
2,63,445
2,64,456
2,65,456
2,66,473
2,67,462
2,68,489
2,69,445
2,71,489
2,72,511
2,73,511
2,74,456
2,75,445
2,76,473
2,77,500
2,79,462
2,80,483
2,83,500
2,84,489
2,85,489
2,88,511
2,89,456
2,91,489
2,92,489
2,93,451
2,94,489
2,95,489
2,96,445
2,99,473
2,100,456
2,101,500
2,102,462
2,103,489
2,104,473
2,105,489
2,107,445
2,108,462
2,109,489
2,110,483
2,111,473
2,114,511
2,115,511
2,117,473
2,118,489
2,119,483
2,121,500
2,122,511
2,123,500
2,124,473
2,125,511
2,126,462
2,127,462
2,128,489
2,129,511
2,130,500
2,131,445
2,134,500
