2,49,625
2,50,657
2,51,652
2,52,630
2,53,668
2,54,619
2,55,657
2,56,625
2,57,663
2,58,636
2,59,609
2,60,674
2,61,625
2,63,652
2,64,609
2,65,674
2,66,619
2,67,663
2,68,652
2,69,636
2,70,609
2,71,636
2,72,647
2,73,663
2,74,619
2,77,641
2,78,636
2,79,636
2,80,609
2,81,652
2,82,674
2,83,674
2,84,647
2,85,652
2,86,652
2,87,609
2,88,652
2,89,652
2,90,609
2,91,636
2,92,674
2,93,636
2,94,609
2,95,609
2,96,619
2,97,636
2,98,636
2,100,663
2,101,636
2,102,652
2,103,663
2,104,652
2,106,674
2,107,674
2,108,636
2,109,674
2,110,619
2,111,652
2,112,609
2,113,663
2,114,614
2,115,652
2,117,647
2,118,647
2,119,641
2,120,663
2,121,652
2,122,641
2,123,630
2,124,641
2,125,636
2,127,663
2,128,609
2,129,609
2,130,619
