2,175,712
2,176,750
2,177,777
2,179,717
2,180,712
2,181,712
2,183,734
2,184,712
2,185,706
2,186,761
2,187,744
2,188,723
2,190,734
2,191,777
2,192,750
2,193,739
2,194,712
2,195,777
2,197,761
2,198,717
2,199,717
2,201,777
2,202,712
2,203,750
2,205,717
2,206,777
2,208,777
2,209,739
2,210,772
2,211,712
2,212,739
2,213,734
2,215,734
2,216,750
2,217,777
2,218,723
2,219,750
2,220,739
2,221,761
2,222,739
2,224,744
2,225,712
2,226,761
2,228,723
2,231,744
2,233,712
2,234,772
2,235,766
2,236,766
2,237,766
2,238,766
2,239,723
2,240,744
2,241,761
2,242,739
2,244,712
2,245,723
2,246,712
2,247,739
2,248,761
2,249,734
2,250,777
2,251,723
2,252,717
2,253,734
2,254,712
2,255,744
2,0,750
2,1,750
2,3,777
2,4,723
2,5,723
2,7,712
2,8,712
2,9,712
2,10,739
2,11,750
2,12,761
2,13,750
2,14,739
2,15,717
2,16,712
2,17,766
2,18,734
2,19,772
2,20,739
2,21,717
2,22,739
2,23,772
2,24,744
