4,151,831
4,152,777
4,153,788
4,154,766
4,155,793
4,156,821
4,157,777
4,158,766
4,159,777
4,160,777
4,162,788
4,163,831
4,164,804
4,165,777
4,166,793
4,168,793
4,169,815
4,170,777
4,171,821
4,172,777
4,173,788
4,174,831
4,175,831
4,176,831
4,178,831
4,179,766
4,181,777
4,183,815
4,184,777
4,185,831
4,186,777
4,187,793
4,188,831
4,190,831
4,191,766
4,192,821
4,194,766
4,195,788
4,196,766
4,197,793
4,198,777
4,200,788
4,202,821
4,204,815
4,205,777
4,207,777
4,208,804
4,209,804
4,210,821
4,211,821
4,212,788
4,214,815
4,215,821
4,216,777
4,217,831
4,219,815
4,222,831
4,223,821
4,224,815
4,226,831
4,227,815
4,228,777
4,229,766
4,230,766
4,231,766
