4,190,331
4,191,320
4,192,304
4,193,342
4,194,326
4,195,315
4,196,315
4,197,320
4,198,353
4,200,320
4,201,304
4,202,326
4,203,353
4,204,304
4,205,326
4,207,293
4,208,342
4,209,353
4,210,304
4,212,315
4,213,293
4,214,331
4,215,342
4,216,293
4,217,342
4,218,342
4,219,331
4,221,342
4,222,358
4,223,315
4,224,342
4,225,331
4,226,326
4,227,293
4,229,320
4,230,358
4,231,326
4,232,304
4,234,315
4,235,326
4,236,326
4,237,358
4,238,299
4,240,320
4,241,315
4,242,293
4,243,342
4,244,320
4,245,326
4,246,315
4,247,331
4,248,331
4,249,342
4,250,342
4,251,358
4,253,342
4,254,353
4,255,320
4,0,315
4,2,342
4,3,293
4,4,353
4,5,331
4,6,358
4,7,331
