4,51,864
4,52,875
4,53,853
4,54,853
4,55,853
4,57,810
4,58,821
4,60,864
4,61,875
4,62,864
4,63,875
4,65,837
4,66,837
4,67,864
4,68,864
4,69,837
4,70,821
4,71,875
4,72,875
4,73,826
4,74,837
4,75,826
4,77,837
4,78,853
4,79,859
4,80,837
4,81,864
4,82,826
4,84,848
4,85,837
4,86,864
4,87,875
4,88,837
4,89,875
4,91,875
4,92,853
4,93,826
4,94,826
4,96,837
4,97,848
4,98,837
4,100,880
4,101,848
4,102,853
4,103,848
4,104,848
4,105,821
4,106,864
4,107,875
4,108,880
4,109,837
4,114,875
4,115,837
4,116,826
4,117,848
4,118,853
4,120,853
4,121,837
4,123,837
4,124,821
4,126,864
4,127,864
4,130,826
4,131,886
4,132,826
4,133,853
4,134,886
4,135,826
4,136,875
4,138,853
4,139,886
4,140,864
4,141,826
4,142,875
4,143,826
4,144,826
4,145,848
4,146,886
4,147,821
4,148,875
4,149,853
4,150,837
4,151,837
4,152,886
4,153,826
4,160,826
4,161,826
4,162,886
4,164,853
4,165,821
4,166,880
4,167,837
4,168,864
4,169,853
4,170,821
4,171,837
4,172,826
4,173,864
4,174,853
4,175,853
4,176,826
4,177,848
4,179,853
4,180,821
4,181,837
4,183,864
4,185,880
4,186,848
4,187,821
4,188,837
4,194,821
4,196,875
4,197,821
4,198,864
4,199,821
4,201,837
4,202,826
4,203,853
4,204,837
4,205,875
4,206,880
4,207,886
4,208,853
4,209,875
4,210,837
4,211,875
4,213,875
4,214,864
4,215,837
4,217,837
4,218,837
4,219,848
4,220,864
4,221,875
4,223,837
4,224,848
4,225,875
4,226,821
4,227,864
4,228,853
4,229,821
4,231,864
4,232,853
4,233,864
4,234,864
4,235,880
4,236,864
4,238,826
4,239,815
4,240,826
4,241,853
4,242,875
4,243,853
4,244,848
4,246,864
4,247,864
4,249,848
4,250,848
4,251,864
4,252,853
4,253,848
4,254,880
4,255,853
4,0,886
4,1,821
4,2,853
4,3,826
4,4,821
4,5,826
4,6,875
4,7,826
4,9,880
4,10,848
4,11,853
4,12,821
4,13,837
4,14,837
4,16,837
4,17,864
4,18,848
