4,186,913
4,187,913
4,188,886
4,189,886
4,190,870
4,192,897
4,193,924
4,194,875
4,196,913
4,197,886
4,198,924
4,199,913
4,200,929
4,201,886
4,202,918
4,203,913
4,204,913
4,205,897
4,207,924
4,208,870
4,209,902
4,210,913
4,212,913
4,213,870
4,214,913
4,216,902
4,217,870
4,218,897
4,220,913
4,221,886
4,224,880
4,225,870
4,227,880
4,228,913
4,229,902
4,231,929
4,232,929
4,233,902
4,234,929
4,235,940
4,236,902
4,239,875
4,240,902
4,241,924
4,243,870
4,245,875
4,246,886
4,247,886
4,249,918
4,250,913
4,251,929
4,252,886
4,253,913
4,255,870
4,0,875
4,1,924
4,2,913
4,3,875
4,4,886
4,6,902
4,7,875
4,9,913
4,11,929
4,12,870
4,13,875
4,14,875
4,15,924
4,16,913
4,17,875
4,18,940
4,19,940
4,20,870
4,21,886
4,22,902
4,24,929
4,25,897
4,26,929
4,28,875
4,29,870
4,30,929
