4,236,467
4,239,429
4,240,435
4,241,429
4,242,424
4,243,429
4,244,451
4,246,429
4,247,429
4,248,407
4,249,456
4,250,451
4,251,451
4,252,467
4,253,429
4,254,456
4,255,456
4,1,456
4,3,456
4,4,402
4,5,424
4,6,467
4,7,429
4,8,429
4,9,456
4,10,413
4,11,440
4,12,429
4,13,402
4,14,451
4,16,456
4,17,402
4,18,456
4,19,418
4,20,418
4,21,429
4,23,413
4,24,391
4,25,440
4,26,445
4,27,456
4,30,429
4,31,440
4,32,391
4,33,467
4,34,418
4,35,456
4,36,418
4,37,429
4,38,467
4,39,440
4,40,402
4,41,456
4,42,445
4,44,413
4,45,435
4,46,445
4,47,467
4,48,429
4,49,402
4,50,456
4,51,402
4,52,456
4,53,418
4,54,456
4,56,396
4,58,440
4,59,418
4,60,440
4,61,445
4,62,467
4,63,440
4,64,402
4,65,445
4,66,445
4,67,429
4,68,418
4,69,424
4,70,440
4,71,456
4,72,402
4,74,451
4,75,418
4,76,418
4,77,435
4,78,456
4,79,440
4,80,456
4,81,402
4,82,429
4,83,445
4,84,456
4,85,467
4,86,451
4,87,440
4,89,402
4,90,391
4,91,418
4,92,429
4,93,402
4,94,424
4,95,413
4,96,440
4,97,440
4,99,418
