4,181,462
4,182,462
4,184,505
4,185,489
4,186,505
4,187,500
4,189,500
4,192,467
4,193,462
4,194,473
4,196,451
4,197,500
4,199,505
4,201,478
4,202,478
4,203,505
4,204,505
4,207,462
4,208,494
4,209,516
4,210,516
4,211,451
4,212,478
4,215,467
4,216,478
4,222,467
4,223,516
4,224,462
4,225,478
4,226,478
4,228,489
4,229,451
4,231,451
4,232,516
4,234,467
4,235,473
4,237,462
4,238,500
4,239,467
4,240,489
4,241,478
4,243,500
4,244,467
4,246,462
4,249,451
4,250,505
4,251,473
4,253,473
4,254,462
4,255,489
