4,61,538
4,63,527
4,64,565
4,65,505
4,68,500
4,69,554
4,70,527
4,71,511
4,72,565
4,73,500
4,75,565
4,76,560
4,77,560
4,78,565
4,79,560
4,81,549
4,82,549
4,83,500
4,84,532
4,85,549
4,87,538
4,88,549
4,89,511
4,90,511
4,91,560
4,92,527
4,93,522
4,94,500
4,95,511
4,96,554
4,97,565
4,98,500
4,99,522
4,100,538
4,102,538
4,103,549
4,104,500
4,105,538
4,106,500
4,108,538
4,109,532
4,110,500
4,111,560
4,112,511
4,114,500
4,115,538
4,116,532
4,117,500
4,118,500
4,119,560
4,120,527
4,121,500
4,122,549
4,123,500
4,124,532
4,126,560
4,127,522
4,128,565
4,129,500
4,130,560
4,131,511
4,132,565
4,133,565
4,134,565
4,136,500
4,137,511
4,138,560
4,139,522
4,140,538
4,141,560
4,142,560
4,143,538
4,146,500
4,147,500
4,148,560
