4,217,560
4,219,560
4,220,598
4,221,570
4,223,625
4,226,570
4,227,614
4,229,576
4,230,560
4,231,603
4,232,614
4,233,598
4,234,587
4,235,570
4,236,625
4,237,587
4,238,576
4,239,603
4,240,570
4,242,576
4,243,570
4,244,576
4,245,598
4,246,587
4,247,614
4,248,598
4,249,625
4,250,614
4,251,587
4,252,560
4,253,598
4,254,625
4,255,625
4,0,570
4,1,598
4,2,570
4,4,609
4,5,603
4,6,587
4,8,560
4,9,570
4,10,576
4,11,609
4,12,570
4,13,598
4,14,619
4,16,609
4,17,587
4,18,587
4,19,625
4,20,570
4,21,603
4,22,614
4,23,560
4,25,560
4,26,614
4,27,625
4,28,614
4,29,576
4,30,598
4,31,560
4,33,570
4,34,598
4,35,560
4,36,614
4,37,587
4,38,609
4,40,587
4,41,614
4,42,587
4,44,587
4,45,570
4,47,598
4,48,609
4,49,587
4,50,570
4,51,560
4,53,560
4,54,587
4,55,625
