4,109,663
4,111,663
4,112,674
4,113,663
4,114,674
4,115,652
4,116,647
4,117,652
4,118,674
4,119,652
4,120,625
4,121,609
4,122,636
4,123,625
4,125,652
4,127,674
4,128,636
4,130,647
4,131,636
4,132,674
4,133,636
4,134,652
4,135,647
4,136,652
4,137,652
4,138,647
4,139,619
4,141,652
4,142,647
4,143,636
4,144,636
4,145,674
4,146,636
4,147,609
4,148,663
4,149,647
4,151,663
4,152,625
4,153,636
4,154,674
4,155,619
4,156,609
4,157,636
4,159,674
4,160,647
4,161,674
4,163,609
4,165,647
4,166,652
4,167,619
4,168,625
4,169,647
4,170,625
4,171,609
4,172,663
4,173,625
4,174,609
4,176,647
4,177,636
4,179,663
4,181,663
4,182,652
4,183,652
4,184,674
4,185,609
4,186,663
4,188,636
4,189,609
4,190,625
4,191,625
4,192,609
4,193,625
4,194,652
4,195,636
4,196,663
4,197,652
4,198,625
4,200,663
4,201,619
4,202,619
4,203,609
4,204,625
4,205,674
4,206,609
4,207,647
4,208,619
4,209,674
4,210,625
4,212,652
4,213,609
4,214,668
4,215,636
4,216,663
4,219,674
4,220,636
4,221,636
4,222,625
4,223,647
4,224,674
4,225,609
