4,37,657
4,38,701
4,39,663
4,41,674
4,42,668
4,43,679
4,44,734
4,45,696
4,47,706
4,48,685
4,49,712
4,51,668
4,52,696
4,53,723
4,54,723
4,55,668
4,57,668
4,58,685
4,59,696
4,60,685
4,62,696
4,63,706
4,65,701
4,66,668
4,67,696
4,68,668
4,69,734
4,70,723
4,71,696
4,72,679
4,74,685
4,75,706
4,77,685
4,78,712
4,80,685
4,81,701
4,82,723
4,83,706
4,84,685
4,87,723
4,88,712
4,89,723
4,90,696
4,91,696
4,92,706
4,93,668
4,95,696
4,96,734
4,97,668
4,99,696
4,100,734
4,101,696
4,102,685
4,103,712
4,104,668
4,105,696
4,106,679
4,107,679
4,108,696
4,109,679
4,110,723
4,111,668
4,113,696
4,114,679
4,115,706
4,116,706
4,117,696
4,118,706
4,119,696
4,121,734
4,123,685
4,124,723
4,125,685
4,126,734
4,127,734
4,128,723
4,129,685
4,130,679
4,131,706
4,132,723
4,133,723
4,134,706
4,135,734
4,136,668
4,137,679
