4,209,706
4,210,739
4,213,706
4,214,717
4,215,723
4,216,744
4,217,755
4,218,772
4,219,723
4,220,761
4,222,734
4,223,728
4,224,761
4,226,717
4,228,728
4,237,783
4,238,717
4,239,755
4,241,761
4,242,717
4,243,761
4,244,728
4,245,728
4,246,717
4,247,755
4,248,755
4,250,728
4,251,783
4,252,772
4,253,772
4,254,734
4,255,717
4,0,739
4,2,728
4,4,717
4,5,755
4,6,734
4,7,755
4,9,744
4,10,728
4,11,783
4,12,772
4,13,734
4,14,734
4,16,772
4,17,772
4,18,761
4,19,766
4,20,755
4,21,712
4,22,744
4,23,783
4,25,761
4,26,783
4,28,717
4,29,717
4,30,717
4,31,783
4,32,744
4,33,744
4,34,717
4,35,783
4,36,772
4,37,772
4,38,783
4,39,755
4,40,783
4,41,772
4,42,734
4,44,761
4,45,761
4,46,728
4,48,717
4,49,755
4,51,744
4,52,728
4,53,783
4,55,717
4,56,755
4,57,728
4,58,744
4,59,783
4,60,734
4,61,783
4,62,772
4,63,783
4,64,783
4,66,717
4,67,744
4,68,772
4,69,772
4,70,712
4,73,761
4,74,761
4,75,723
4,76,728
4,77,744
4,78,723
4,79,706
4,80,728
4,81,706
4,82,728
4,83,734
4,84,744
4,85,783
4,86,766
4,89,772
4,90,728
4,91,744
4,92,772
4,93,717
4,94,755
4,96,717
4,97,766
4,98,772
4,99,744
4,101,728
4,102,761
4,103,744
4,104,734
4,105,712
4,107,712
4,108,783
4,109,734
4,110,761
4,111,761
4,112,717
4,113,723
4,114,761
4,115,734
