1,106,897
1,108,864
1,109,886
1,110,848
1,111,870
1,112,413
1,114,886
1,115,875
1,116,875
1,117,864
1,118,853
1,119,831
1,120,886
1,121,826
1,123,886
1,124,886
1,125,859
1,126,886
1,127,821
1,128,826
1,129,821
1,130,826
1,131,842
1,132,886
1,133,815
1,134,880
1,135,831
1,136,853
1,137,870
1,138,837
1,139,886
1,140,875
1,141,821
1,142,902
1,143,837
1,145,842
1,146,848
1,147,837
1,148,831
1,149,859
1,150,870
1,151,821
1,152,842
1,153,810
1,155,831
1,158,821
1,159,853
1,160,853
1,161,891
1,162,837
1,163,837
1,164,859
1,165,826
1,166,821
1,167,826
1,168,886
1,169,837
1,170,831
1,172,810
1,173,837
1,174,891
1,175,837
1,176,875
1,177,891
1,178,864
1,179,870
1,180,897
1,181,837
1,182,826
1,183,826
