1,126,984
1,127,989
1,128,1000
1,129,1011
1,130,957
1,131,978
1,133,973
1,135,973
1,136,973
1,137,946
1,138,984
1,139,924
1,140,946
1,141,962
1,143,940
1,144,957
1,145,957
1,146,511
1,147,957
1,148,957
1,150,940
1,151,924
1,152,957
1,153,973
1,154,984
1,155,940
1,156,1011
1,157,973
1,158,978
1,160,957
1,161,946
1,162,978
1,164,984
1,165,946
1,166,984
1,167,984
1,168,989
1,169,1005
1,171,989
1,172,995
1,179,984
1,180,984
1,181,1005
1,183,978
1,185,946
1,186,951
1,187,1005
1,188,946
1,189,989
1,190,978
1,191,973
1,193,940
1,194,967
1,195,940
1,197,995
1,199,989
1,200,984
1,201,978
1,202,946
1,204,984
