1,78,538
1,79,538
1,80,538
1,81,511
1,82,527
1,83,543
1,84,522
1,85,505
1,86,543
1,87,532
1,89,543
1,90,570
1,91,489
1,92,532
1,93,500
1,94,560
1,95,560
1,96,532
1,97,570
1,98,532
1,104,576
1,105,538
1,106,565
1,107,505
1,109,505
1,110,543
1,111,543
1,112,570
1,113,543
1,114,538
1,115,554
1,116,549
1,118,543
1,119,511
1,120,560
1,121,570
1,122,522
1,123,516
1,124,560
1,125,554
1,126,538
1,128,576
1,129,532
1,131,505
1,133,543
1,134,511
1,135,549
1,136,576
1,137,516
1,138,505
1,141,505
1,142,511
1,143,522
1,144,549
1,145,532
1,146,570
1,147,581
1,148,543
1,149,554
1,150,549
