1,247,728
1,249,728
1,251,663
1,252,679
1,253,690
1,254,679
1,255,696
1,0,712
1,1,663
1,4,696
1,5,679
1,6,712
1,7,674
1,8,668
1,10,723
1,11,647
1,12,690
1,13,663
1,14,701
1,16,701
1,18,701
1,19,734
1,20,728
1,21,690
1,22,717
1,23,723
1,24,696
1,25,690
1,26,728
1,27,701
1,28,701
1,29,701
1,30,706
1,31,696
1,32,690
1,33,728
1,34,717
1,35,717
1,36,706
1,37,668
1,38,674
1,39,685
1,40,706
1,41,685
1,42,717
1,43,685
1,44,728
1,45,701
1,47,685
1,48,674
1,51,668
1,53,668
1,54,696
1,55,701
1,56,701
1,58,679
1,59,696
1,60,679
1,61,706
1,62,679
1,63,679
1,66,679
1,67,674
1,68,685
1,69,663
1,71,728
1,72,696
1,73,712
1,74,717
1,75,717
1,76,679
1,77,685
1,78,685
1,79,668
1,80,657
