3,218,821
3,219,793
3,220,826
3,223,783
3,224,783
3,225,772
3,226,761
3,227,761
3,228,826
3,229,799
3,231,766
3,233,821
3,234,793
3,236,766
3,238,799
3,239,837
3,241,788
3,242,761
3,243,799
3,244,810
3,245,799
3,246,793
3,247,766
3,248,772
3,249,810
3,250,810
3,251,826
3,254,799
3,255,837
3,0,815
3,1,777
3,3,810
3,4,815
3,5,810
3,7,815
3,8,837
3,9,788
3,10,777
3,11,788
3,12,810
3,14,772
3,15,788
3,16,837
3,18,837
3,19,799
3,20,783
3,21,815
3,22,772
3,23,837
3,24,799
3,25,783
3,26,788
3,27,810
3,28,772
3,29,772
3,31,783
3,32,788
3,33,837
3,35,761
3,36,777
3,37,810
3,38,815
3,39,783
3,41,826
3,42,788
3,43,821
3,44,837
3,45,793
3,46,788
3,47,815
3,48,799
3,49,826
3,50,799
3,51,788
3,53,837
3,54,788
3,55,772
3,56,815
3,58,837
3,59,837
3,60,777
3,61,783
3,62,783
3,63,772
3,64,772
3,65,772
3,66,810
3,67,799
3,68,772
3,69,772
3,70,837
3,71,810
3,72,810
3,73,837
3,74,799
3,75,772
3,76,799
3,77,783
3,78,826
3,79,799
