3,144,831
3,145,875
3,146,875
3,148,837
3,150,848
3,151,821
3,152,837
3,153,831
3,155,842
3,157,864
3,158,870
3,163,859
3,164,859
3,166,859
3,167,821
3,168,886
3,169,864
3,170,826
3,171,859
3,172,875
3,173,848
3,174,848
3,175,831
3,177,837
3,178,853
3,179,848
3,180,837
3,181,864
3,182,864
3,183,848
3,185,848
3,186,842
3,188,886
3,189,891
3,190,886
3,191,859
3,192,891
3,194,826
3,195,891
3,196,864
3,207,875
3,208,875
3,209,875
3,210,859
3,212,848
3,213,821
3,214,859
3,215,886
3,216,886
3,217,864
3,218,821
3,219,853
3,221,891
3,222,826
3,223,853
3,224,837
3,225,875
3,226,831
3,227,837
3,228,859
3,230,864
3,231,886
3,233,859
3,234,859
3,235,891
