3,53,908
3,54,935
3,56,897
3,57,902
3,58,870
3,59,913
3,60,918
3,61,935
3,62,924
3,63,924
3,64,886
3,65,897
3,66,940
3,67,897
3,68,924
3,69,913
3,70,875
3,71,924
3,72,940
3,73,891
3,74,908
3,75,913
3,76,875
3,77,924
3,79,886
3,80,902
3,81,902
3,82,908
3,83,940
3,84,897
3,85,897
3,86,875
3,87,913
3,89,886
3,90,940
3,91,875
3,92,902
3,93,886
3,94,908
3,95,886
3,96,924
3,97,897
3,98,875
3,99,924
3,101,940
3,102,875
3,103,875
3,104,935
3,105,897
3,106,897
3,108,924
3,110,886
3,111,929
3,112,897
3,113,913
3,114,897
3,115,897
3,116,908
3,117,897
3,118,935
3,119,913
3,120,940
3,121,897
3,123,924
3,124,875
3,125,886
3,126,886
3,127,918
3,128,886
3,129,886
3,130,908
3,131,940
3,132,924
3,134,918
3,135,886
3,136,908
3,137,875
3,138,918
3,139,913
3,140,902
3,141,870
3,142,913
3,143,880
3,144,924
3,145,940
3,146,908
3,148,886
3,149,908
3,151,924
3,152,929
3,153,886
3,154,886
3,155,870
3,156,929
3,157,935
3,158,886
3,159,886
3,160,908
3,161,886
3,162,924
