3,24,396
3,25,396
3,27,348
3,28,342
3,29,342
3,30,353
3,31,342
3,32,386
3,33,342
3,34,386
3,36,358
3,37,396
3,38,407
3,39,342
3,40,396
3,41,353
3,42,353
3,43,380
3,44,391
3,46,396
3,47,353
3,48,369
3,49,358
3,50,380
3,51,407
3,52,369
3,54,396
3,55,358
3,56,396
3,57,386
3,58,342
3,61,396
3,62,353
3,63,358
3,64,380
3,65,380
3,67,396
3,68,353
3,69,386
3,70,369
3,78,342
3,79,342
3,80,396
3,81,380
3,82,396
3,83,407
3,84,369
3,85,358
3,86,396
3,87,386
3,88,358
3,89,353
3,90,369
3,91,396
3,92,358
