3,28,511
3,29,456
3,30,451
3,31,478
3,32,494
3,33,516
3,34,483
3,35,505
3,38,505
3,39,478
3,40,505
3,41,511
3,42,516
3,43,483
3,44,511
3,45,494
3,46,511
3,47,478
3,49,483
3,50,456
3,51,505
3,52,494
3,53,483
3,54,483
3,55,494
3,56,483
3,58,451
3,59,467
3,60,478
3,61,505
3,62,451
3,63,483
3,64,505
3,65,467
3,66,483
3,67,451
3,69,505
3,70,467
3,71,467
3,73,483
3,74,478
3,75,456
3,76,483
3,77,445
3,78,456
3,80,516
3,81,478
3,83,456
3,84,483
3,85,478
3,86,494
3,87,483
3,88,478
3,89,483
3,90,483
3,91,478
3,93,494
3,94,483
3,95,505
3,96,483
3,97,451
3,98,456
3,99,483
3,100,478
3,101,467
3,102,467
3,103,451
3,106,516
3,107,456
3,108,456
3,110,456
3,111,456
3,112,456
3,113,483
3,114,467
3,121,511
3,122,478
3,124,494
3,125,456
3,126,467
