3,108,603
3,109,581
3,110,554
3,111,609
3,112,581
3,113,565
3,114,581
3,115,619
3,116,592
3,117,603
3,118,576
3,119,554
3,120,581
3,121,554
3,122,565
3,124,603
3,125,581
3,126,592
3,127,554
3,128,592
3,129,619
3,130,576
3,131,619
3,132,554
3,133,619
3,134,554
3,135,576
3,136,576
3,137,581
3,139,587
3,140,603
3,141,614
3,142,619
3,144,609
3,145,576
3,146,565
3,147,603
3,149,576
3,150,619
3,151,603
3,152,565
3,153,603
3,154,587
3,155,581
3,156,619
3,157,603
3,158,619
3,159,565
3,160,576
3,161,619
3,162,592
3,164,587
3,166,603
3,167,565
3,168,592
3,170,554
3,171,619
3,173,603
3,174,565
3,175,565
3,176,592
3,177,554
3,178,614
3,180,576
3,181,619
3,182,603
3,183,614
3,184,587
3,185,581
3,186,581
3,187,603
3,188,592
3,189,592
3,190,614
3,191,565
3,192,609
3,193,554
3,194,592
3,195,619
3,196,603
3,197,592
3,198,592
3,200,603
3,201,603
3,203,581
3,204,587
3,206,614
3,208,587
3,210,609
3,211,603
3,212,576
3,213,587
3,216,576
3,217,576
3,218,581
3,219,565
3,221,592
3,222,554
3,223,554
3,225,619
