3,174,690
3,176,712
3,177,685
3,178,717
3,179,717
3,180,701
3,181,674
3,183,690
3,185,674
3,186,728
3,187,690
3,190,690
3,191,663
3,192,663
3,193,701
3,196,701
3,198,701
3,199,712
3,200,674
3,201,728
3,204,728
3,205,663
3,206,712
3,208,690
3,209,690
3,210,690
3,211,712
3,212,717
3,213,701
3,214,690
3,215,663
3,217,712
3,219,712
3,220,674
3,221,685
3,222,674
3,223,663
3,224,663
3,225,663
3,226,674
3,227,701
3,229,679
3,230,701
3,231,728
3,232,679
3,233,690
3,234,674
3,235,685
3,236,690
3,238,674
3,239,685
3,240,690
3,241,701
3,243,701
3,244,728
3,245,701
3,247,717
3,248,690
3,249,728
3,250,712
3,252,674
3,253,728
3,254,690
3,255,712
3,0,712
3,2,674
3,3,663
3,4,663
3,5,717
3,6,663
3,8,674
3,10,663
3,11,685
3,12,685
3,13,663
3,14,728
3,15,690
3,16,701
3,17,690
3,18,690
3,19,685
3,20,674
3,21,728
3,22,712
3,23,674
