3,68,750
3,71,712
3,72,712
3,75,739
3,77,766
3,78,777
3,79,766
3,80,777
3,82,723
3,83,728
3,84,761
3,85,750
3,86,761
3,87,739
3,88,761
3,89,777
3,90,728
3,91,761
3,92,734
3,93,723
3,94,750
3,95,723
3,96,750
3,97,750
3,98,728
3,99,723
3,101,734
3,102,766
3,103,777
3,105,750
3,106,777
3,108,750
3,109,766
3,110,739
3,111,750
3,112,739
3,113,777
3,114,712
3,115,750
3,116,734
3,117,734
3,118,766
3,119,750
3,120,739
3,121,777
3,122,761
3,123,723
3,124,788
3,125,766
3,126,728
3,127,766
3,129,723
3,130,739
3,131,766
3,132,750
3,133,712
3,134,734
3,136,750
3,137,766
3,138,734
3,139,772
3,140,723
3,142,766
3,143,777
3,144,723
3,145,777
3,146,750
3,147,728
3,148,750
3,150,723
3,152,755
3,153,728
3,154,750
3,155,739
3,156,777
3,157,712
3,158,728
3,159,723
3,160,750
3,161,788
3,162,772
3,163,761
3,164,728
3,166,728
3,167,750
